511 512 512 509 506 510 514 505 511 504 518 504 515 517 515 517 515 516 518 523 530 547 542 549 549 579 576 601 612 662 699 800 814 878 978 1176 1354 1487 1754 1994 2440 2985 3549 4449 5460
514 515 517 514 512 512 515 518 512 514 515 523 521 521 524 527 535 545 535 567 565 586 588 612 640 699 738 758 831 950 1033 1178 1426 1519 1879 2154 2613 3228 3937 4897 6013 7357 9248 11374 14426
512 514 512 513 512 516 517 518 518 522 524 519 522 529 539 554 543 556 551 566 598 617 653 666 721 769 858 889 1021 1184 1294 1583 1842 2213 2739 3112 3924 4760 5852 7391 8953 11091 13830 16383 16383
523 510 516 514 520 515 520 518 518 523 528 526 527 552 539 555 574 587 609 611 654 710 731 802 854 926 1107 1230 1364 1637 1839 2229 2669 3220 3866 4918 6046 7616 9473 11712 14510 16383 16383 16383 16383
526 536 534 557 549 562 576 617 626 666 708 762 780 854 971 1098 1234 1441 1684 2008 2452 2886 3452 4177 5303 6516 8081 10036 12588 15720 16383 16383 16383 16383 16383 16383 16383 16383 16383 16383 16383 16383 16383 16383 16383
509 516 514 511 511 516 516 519 515 526 522 521 525 543 543 546 552 557 588 597 596 634 689 719 779 884 923 1059 1179 1370 1623 1907 2275 2797 3288 4001 5003 6078 7624 9525 11829 14418 16383 16383 16383
538 545 537 561 568 578 616 623 648 707 743 769 900 969 1062 1222 1347 1612 1932 2266 2743 3265 3969 4865 6085 7278 9189 11218 14201 16383 16383 16383 16383 16383 16383 16383 16383 16383 16383 16383 16383 16383 16383 16383 16383
515 510 514 512 515 513 513 513 516 516 519 517 516 522 525 530 525 532 542 546 556 571 580 600 612 654 681 752 805 849 967 1090 1248 1432 1635 1897 2300 2755 3274 4090 4962 6163 7714 9304 11606
511 511 512 512 514 514 513 514 515 518 521 521 523 522 531 531 547 545 548 577 600 607 632 648 700 732 790 889 999 1073 1188 1416 1616 1898 2266 2738 3287 4136 4979 6260 7650 9511 11865 14820 16383
514 517 511 517 513 519 519 519 514 521 522 523 520 527 531 531 539 544 553 570 595 605 642 665 727 739 789 887 973 1093 1248 1437 1754 2009 2493 2937 3592 4481 5545 6831 8311 10635 12235 16365 16366
0 0 0 0 0 0 0 0 0 0 0 0 0 0 0 0 0 0 0 0 0 0 0 0 0 0 0 0 0 0 0 0 0 0 0 0 0 0 0 0 0 0 0 0 0
513 516 514 514 518 515 515 518 520 528 522 525 538 529 549 555 561 589 582 614 635 660 712 777 837 905 1026 1157 1312 1502 1784 2132 2482 3095 3787 4530 5558 6979 8528 10626 13180 16380 16383 16383 16383
0 0 0 0 0 0 0 0 0 0 0 0 0 0 0 0 0 0 0 0 0 0 0 0 0 0 0 0 0 0 0 0 0 0 0 0 0 0 0 0 0 0 0 0 0
501 512 513 515 511 516 516 513 514 515 512 516 524 523 525 533 526 531 547 555 571 557 573 615 633 648 681 730 825 907 1005 1093 1185 1401 1626 1937 2294 2806 3322 4129 5036 6202 7642 9357 11724
508 514 512 511 510 511 512 518 515 516 514 517 515 523 523 521 525 527 533 541 547 548 563 574 583 611 628 643 691 765 801 888 966 1094 1305 1464 1644 2020 2428 2838 3461 4236 5338 6424 8117
507 515 513 510 515 515 515 516 514 521 517 518 522 521 522 529 533 534 544 563 578 578 593 617 662 695 754 842 888 998 1130 1267 1498 1772 2117 2475 2957 3650 4428 5281 6749 8312 10389 12801 16140
510 516 512 516 510 511 520 516 517 521 519 515 517 524 530 534 538 549 560 565 573 596 606 638 647 722 776 848 927 1019 1191 1385 1548 1763 2145 2531 3110 3814 4732 5823 6989 8732 10894 13739 16383
512 511 513 511 514 510 511 512 518 516 517 523 513 520 521 522 524 523 527 536 526 542 557 576 589 624 653 669 699 777 853 916 1050 1138 1372 1567 1779 2105 2682 3243 3868 4642 5876 7072 8671
512 510 513 511 514 513 510 515 510 515 511 515 514 513 517 517 514 513 513 521 515 513 527 531 520 526 536 536 544 542 553 573 591 621 627 665 690 747 808 883 958 1066 1286 1472 1722
515 516 512 515 513 515 519 514 515 518 523 520 532 527 536 537 541 549 560 576 577 601 633 644 718 757 817 881 994 1092 1259 1495 1747 2108 2495 2989 3630 4520 5523 6853 8404 10417 13089 16322 16383
511 516 516 509 513 512 519 518 517 519 517 522 513 516 527 534 535 544 541 564 561 582 597 627 647 701 716 788 836 928 1057 1206 1367 1633 1910 2328 2714 3276 4024 4884 5956 7623 9462 11757 14459
0 0 0 0 0 0 0 0 0 0 0 0 0 0 0 0 0 0 0 0 0 0 0 0 0 0 0 0 0 0 0 0 0 0 0 0 0 0 0 0 0 0 0 0 0
520 518 522 523 528 536 553 550 574 580 569 618 632 675 753 790 842 940 1054 1167 1341 1548 1789 2135 2607 3106 3825 4610 5731 7251 8938 11135 13838 16383 16383 16383 16383 16383 16383 16383 16383 16383 16383 16383 16383
510 513 511 513 513 512 512 512 513 516 514 521 517 519 521 524 527 529 533 547 552 552 569 588 616 629 656 721 763 820 891 1015 1163 1291 1579 1757 2099 2625 3092 3725 4515 5632 7042 8691 10861
512 514 509 514 513 515 517 518 516 522 517 526 523 526 530 529 547 544 556 558 565 589 634 644 663 734 753 793 915 1011 1190 1402 1526 1843 2135 2691 3178 3887 4864 5742 7199 9002 11062 13948 16382
515 512 511 515 514 515 520 513 513 515 519 525 524 526 528 522 543 544 554 562 573 597 618 629 672 723 750 831 902 1007 1173 1346 1504 1738 2156 2543 3063 3786 4550 5710 7155 8572 10895 13257 16383
516 523 522 518 526 525 538 531 544 557 555 553 581 609 610 665 699 737 802 851 945 1076 1248 1417 1623 1929 2307 2740 3339 4049 5039 6188 7719 9594 11941 14925 16382 16382 16382 16382 16383 16383 16383 16383 16383
511 516 513 513 512 510 517 512 517 513 519 521 526 524 531 540 537 556 575 582 594 626 628 663 735 814 848 938 1028 1147 1308 1577 1894 2225 2560 3172 3864 4698 5919 7241 9009 11117 14176 16381 16381
508 512 508 509 513 511 509 515 509 515 514 512 505 511 515 510 513 513 517 509 514 516 519 519 516 524 522 526 521 549 548 550 547 583 596 623 671 702 753 780 868 929 1063 1270 1371
516 515 534 518 515 503 513 522 519 525 530 528 521 537 543 552 560 570 559 600 641 657 689 731 777 813 915 1043 1178 1322 1586 1816 2254 2572 3133 3860 4644 5858 7112 8773 11041 13942 16383 16383 16383
510 506 510 517 510 514 510 519 512 515 519 515 512 515 519 525 527 532 534 537 542 551 573 580 596 622 633 686 737 773 851 941 1092 1201 1413 1573 1868 2206 2718 3309 3995 4927 6100 7627 9321
511 506 512 512 518 512 513 519 525 527 527 540 526 554 554 567 585 604 627 655 692 731 822 899 949 1105 1236 1445 1636 1920 2311 2790 3517 4097 5200 6346 7728 9652 11896 15059 16383 16383 16383 16383 16383
510 510 512 518 517 517 519 515 513 523 514 511 534 526 533 536 542 551 566 578 580 623 654 688 717 762 866 951 1020 1168 1369 1584 1848 2204 2534 3160 3950 4866 5779 7178 9001 11114 14114 16383 16383
510 514 514 517 516 512 510 521 515 518 513 524 525 523 524 541 544 554 573 572 593 605 637 650 695 758 837 859 975 1131 1313 1520 1778 2077 2493 3006 3620 4471 5391 6797 8455 10407 13045 16198 16382
0 0 0 0 0 0 0 0 0 0 0 0 0 0 0 0 0 0 0 0 0 0 0 0 0 0 0 0 0 0 0 0 0 0 0 0 0 0 0 0 0 0 0 0 0
514 516 512 511 514 516 510 513 518 514 515 519 526 527 526 533 532 555 556 574 577 610 641 670 702 752 836 910 1008 1140 1258 1496 1736 2177 2507 3016 3713 4464 5489 6813 8536 10577 13079 16383 16383
511 514 512 512 515 516 515 516 512 515 514 517 514 514 519 516 518 524 528 531 530 529 536 553 554 569 599 620 623 698 700 757 811 901 1022 1177 1335 1619 1861 2165 2670 3103 3801 4762 5696
508 516 510 513 519 520 518 517 517 518 526 535 536 542 548 561 569 593 616 637 667 713 749 791 889 1007 1093 1224 1473 1776 2001 2514 2890 3479 4368 5430 6735 8225 10383 12847 15955 16383 16383 16383 16383
515 512 509 512 517 512 512 515 515 516 522 528 525 531 527 536 539 543 554 582 581 606 643 691 697 772 825 896 1019 1160 1352 1535 1877 2112 2403 3043 3749 4530 5497 6795 8558 10621 13157 16383 16383
516 517 507 504 512 512 514 515 522 515 518 520 522 520 527 521 528 536 545 545 549 568 590 602 617 642 670 722 791 858 950 1022 1171 1346 1608 1927 2248 2671 3154 3869 4739 5917 7272 9168 11210
508 519 517 515 507 513 518 525 524 532 532 542 534 546 564 570 596 610 636 649 704 751 815 923 1020 1121 1322 1455 1754 1993 2424 2925 3615 4267 5392 6581 8199 10182 12492 15859 16383 16383 16383 16383 16383
0 0 0 0 0 0 0 0 0 0 0 0 0 0 0 0 0 0 0 0 0 0 0 0 0 0 0 0 0 0 0 0 0 0 0 0 0 0 0 0 0 0 0 0 0
0 0 0 0 0 0 0 0 0 0 0 0 0 0 0 0 0 0 0 0 0 0 0 0 0 0 0 0 0 0 0 0 0 0 0 0 0 0 0 0 0 0 0 0 0
519 520 517 520 525 527 529 539 544 562 562 578 593 616 640 687 745 783 862 914 1033 1212 1364 1525 1846 2149 2623 3072 3852 4669 5833 7071 8848 11056 13838 16382 16382 16382 16382 16382 16383 16383 16383 16382 16382
516 515 513 512 513 510 511 508 511 516 517 517 515 514 524 518 518 520 529 534 528 543 543 546 566 578 602 605 646 658 696 781 837 926 1034 1181 1328 1489 1833 2108 2554 3176 3817 4647 5820
0 0 0 0 0 0 0 0 0 0 0 0 0 0 0 0 0 0 0 0 0 0 0 0 0 0 0 0 0 0 0 0 0 0 0 0 0 0 0 0 0 0 0 0 0
0 0 0 0 0 0 0 0 0 0 0 0 0 0 0 0 0 0 0 0 0 0 0 0 0 0 0 0 0 0 0 0 0 0 0 0 0 0 0 0 0 0 0 0 0
515 516 510 511 511 515 514 512 511 517 518 518 530 517 539 531 537 558 557 578 596 613 632 663 691 744 800 931 931 1121 1287 1424 1732 2027 2442 2883 3516 4269 5280 6523 8138 10061 12457 15673 16383
509 513 516 515 518 517 518 516 521 520 519 523 530 532 541 542 541 551 565 584 616 633 702 728 750 843 876 988 1165 1291 1535 1766 2083 2352 2922 3504 4379 5237 6658 7973 10128 12688 15724 16383 16383
514 514 511 512 511 516 513 519 518 516 516 522 524 536 536 535 540 557 568 589 592 592 614 668 728 776 808 894 1033 1156 1269 1439 1724 2023 2550 3073 3694 4419 5661 6965 8542 10826 13308 16383 16383
