247 224 212 213 213 216 184 127 90 51 32 22 15
38 21 18 17 19 22 19 9 4 10 5 4 8
227 181 166 164 161 169 131 82 59 33 26 7 9
55 32 27 27 28 31 22 12 8 1 2 2 3
167 112 96 96 99 99 71 43 26 20 9 3 4
246 223 212 211 212 217 183 131 84 52 30 22 13
74 43 38 36 37 44 31 21 9 5 2 4 2
255 255 254 254 254 255 250 232 197 138 96 58 37
62 36 31 30 31 31 24 19 5 2 3 5 8
111 70 62 61 59 65 44 26 21 7 6 2 2
59 34 29 29 30 32 21 15 8 1 2 1 1
39 22 18 19 17 19 13 8 3 8 3 3 3
251 234 226 225 225 229 201 151 102 62 43 24 12
95 59 51 51 52 54 38 24 14 8 9 1 2
206 158 141 140 137 147 108 67 45 29 15 10 6
127 80 70 70 68 75 50 30 19 13 10 3 2
255 255 255 255 255 255 255 253 242 215 168 118 75
62 35 31 30 29 30 21 21 7 3 4 3 4
26 10 6 10 5 13 10 9 5 5 4 1 4
134 86 73 74 75 77 55 41 22 16 9 2 1
155 102 87 87 87 97 69 38 21 18 8 4 6
70 42 36 35 37 39 24 20 10 1 4 5 6
34 18 15 15 13 18 15 7 2 0 1 4 7
63 38 32 31 31 31 23 10 6 5 9 2 2
174 121 106 106 105 111 84 50 27 23 12 5 5
59 34 28 27 29 30 27 14 6 8 4 3 6
246 223 212 211 212 216 184 130 85 52 32 20 12
62 36 31 33 33 35 23 15 7 2 7 4 4
255 255 252 255 255 255 250 228 186 124 85 49 32
182 127 109 107 109 117 81 54 29 19 6 10 2
54 31 26 26 27 32 23 12 2 6 3 2 2
75 46 41 42 42 49 34 22 9 7 9 4 5
37 21 17 16 17 21 18 8 2 4 4 3 2
71 42 37 37 37 38 29 21 8 6 8 6 5
230 193 177 176 176 184 137 89 57 35 23 17 11
180 126 109 107 109 116 81 56 26 21 13 2 6
45 25 23 24 21 25 20 14 6 6 5 3 3
108 66 56 55 55 63 41 30 17 9 4 3 1
32 18 13 12 11 11 13 10 5 8 4 2 5
255 255 255 255 255 255 255 254 247 224 185 133 86
80 48 41 43 41 47 33 22 13 9 4 5 5
184 131 114 113 112 120 88 57 35 23 15 10 5
109 69 59 57 59 64 46 26 16 7 4 3 0
227 191 174 173 172 180 139 92 56 35 23 11 13
70 42 35 35 36 39 30 18 5 1 7 3 4
226 187 170 170 171 178 133 86 56 34 21 12 9
132 86 76 71 71 82 51 35 16 13 7 3 4
117 75 68 63 65 73 48 30 17 6 3 4 4
65 37 33 31 30 33 24 17 12 2 1 3 7
255 255 255 255 255 255 255 252 228 173 126 78 46
