# Matrice Z (100x26)
1538 1332 1210 1184 1134 1104 1075 1052 1055 1035 1039 1024 1023 1019 1017 1015 1018 1012 1011 1010 1014 1011 1006 1007 1010 1011
9948 6582 4433 3831 3213 2796 2133 1876 1691 1571 1455 1379 1277 1217 1178 1153 1124 1096 1070 1064 1055 1041 1049 1027 1029 1024
16383 14331 9575 7682 6322 5254 3659 3152 2665 2323 2028 1825 1694 1517 1420 1353 1248 1213 1177 1146 1114 1096 1072 1052 1050 1044
4041 2825 2214 1921 1725 1580 1386 1305 1239 1211 1153 1128 1098 1091 1063 1060 1051 1040 1032 1023 1020 1017 1018 1015 1014 1018
3846 2849 2167 1889 1722 1580 1357 1330 1220 1183 1160 1126 1100 1079 1059 1059 1036 1035 1032 1031 1021 1017 1015 1015 1012 1010
4237 3090 2307 2060 1850 1670 1427 1343 1273 1208 1170 1141 1109 1080 1076 1066 1051 1042 1038 1024 1023 1022 1022 1014 1014 1013
4027 2919 2250 1947 1764 1650 1390 1309 1220 1180 1159 1132 1121 1090 1063 1066 1048 1030 1027 1024 1024 1024 1019 1013 1015 1010
16383 12612 8233 6718 5553 4587 3274 2888 2461 2169 1917 1730 1573 1460 1382 1283 1244 1192 1152 1132 1080 1074 1063 1064 1046 1032
15464 10058 6727 5539 4548 3796 2822 2457 2157 1888 1693 1575 1464 1352 1295 1237 1177 1144 1128 1092 1076 1060 1054 1037 1038 1032
1368 1195 1114 1129 1087 1072 1035 1038 1034 1031 1024 1019 1019 1013 1013 1013 1013 1012 1012 1007 1007 1008 1007 1008 1008 1008
3835 2777 2106 1910 1727 1564 1385 1292 1239 1178 1157 1116 1095 1077 1071 1049 1044 1031 1026 1026 1025 1017 1019 1012 1011 1011
1242 1163 1114 1094 1073 1060 1048 1036 1030 1029 1020 1016 1015 1014 1019 1009 1014 1010 1010 1012 1012 1007 1007 1008 1009 1010
1123 1080 1048 1044 1046 1034 1019 1022 1014 1015 1012 1013 1011 1008 1008 1007 1005 1008 1009 1007 1007 1007 1008 1009 1006 1008
5140 3641 2693 2326 2020 1824 1523 1434 1331 1278 1211 1165 1160 1113 1094 1066 1059 1045 1039 1030 1029 1024 1016 1016 1017 1014
10048 6579 4518 3831 3173 2746 2104 1909 1718 1567 1428 1377 1286 1230 1189 1154 1109 1091 1077 1059 1047 1045 1034 1028 1026 1021
16383 14008 9182 7512 6140 5077 3601 3053 2618 2327 2009 1819 1660 1524 1418 1329 1259 1205 1165 1140 1099 1095 1069 1055 1044 1039
11432 7548 5102 4331 3630 3072 2309 2007 1802 1629 1503 1406 1333 1249 1219 1164 1128 1099 1088 1074 1066 1049 1034 1027 1032 1031
1384 1270 1173 1154 1127 1093 1069 1042 1045 1033 1027 1024 1023 1021 1018 1014 1016 1010 1012 1011 1009 1009 1011 1010 1007 1006
4976 3531 2572 2288 1967 1776 1476 1380 1296 1264 1209 1155 1127 1109 1082 1070 1054 1047 1041 1031 1034 1023 1023 1024 1018 1019
3913 2914 2155 1924 1735 1575 1357 1294 1238 1189 1158 1129 1097 1084 1060 1054 1040 1035 1028 1026 1022 1016 1018 1015 1012 1012
3811 2799 2155 1880 1697 1550 1346 1296 1238 1177 1146 1114 1099 1084 1063 1054 1047 1035 1026 1024 1028 1018 1016 1016 1014 1011
5297 3747 2709 2407 2047 1853 1522 1420 1370 1259 1222 1173 1143 1110 1086 1081 1065 1047 1036 1031 1030 1026 1023 1017 1016 1012
13342 8815 5951 4802 4113 3441 2567 2253 1960 1766 1620 1515 1388 1312 1253 1196 1155 1140 1099 1087 1062 1059 1046 1032 1029 1027
2332 1858 1521 1443 1335 1274 1182 1138 1091 1108 1066 1053 1047 1046 1031 1029 1026 1016 1017 1016 1014 1015 1010 1007 1013 1012
1523 1283 1193 1142 1112 1082 1060 1043 1038 1037 1032 1023 1020 1009 1015 1015 1008 1013 1009 1012 1007 1010 1010 1013 1008 1009
2962 2342 1920 1790 1614 1523 1320 1268 1210 1166 1131 1105 1073 1082 1064 1041 1046 1036 1031 1026 1021 1021 1020 1013 1010 1012
13661 8916 5853 5004 4165 3462 2591 2273 2014 1814 1637 1498 1403 1310 1251 1203 1168 1132 1110 1087 1075 1059 1048 1039 1035 1032
3795 2794 2138 1893 1726 1567 1366 1285 1234 1192 1146 1124 1082 1073 1075 1048 1042 1049 1029 1023 1021 1014 1019 1018 1010 1014
1696 1383 1230 1183 1134 1097 1071 1055 1041 1038 1032 1031 1021 1022 1015 1012 1011 1012 1015 1010 1010 1010 1011 1012 1008 1008
11548 7653 5138 4294 3672 3101 2356 2027 1802 1641 1540 1447 1312 1278 1219 1177 1142 1105 1099 1080 1068 1050 1042 1032 1028 1022
3716 2733 2099 1867 1674 1547 1328 1267 1212 1174 1141 1104 1099 1071 1062 1050 1040 1030 1026 1027 1017 1017 1015 1012 1012 1010
16383 11692 7609 6327 5222 4348 3141 2638 2348 2034 1828 1677 1546 1417 1334 1281 1216 1173 1141 1112 1097 1076 1065 1053 1046 1028
4182 3001 2303 2058 1826 1664 1427 1363 1261 1216 1164 1122 1105 1098 1073 1055 1044 1040 1026 1023 1026 1021 1020 1014 1014 1012
3324 2475 1962 1804 1618 1458 1301 1218 1196 1167 1119 1102 1079 1073 1052 1040 1039 1034 1026 1021 1016 1017 1014 1017 1013 1012
1196 1133 1094 1073 1053 1047 1028 1024 1020 1022 1016 1012 1011 1010 1011 1014 1009 1009 1010 1010 1009 1010 1008 1008 1007 1007
7334 4984 3550 2992 2616 2255 1785 1639 1503 1404 1333 1239 1205 1151 1139 1113 1076 1076 1057 1046 1038 1030 1031 1022 1018 1017
3737 2688 2062 1874 1660 1537 1356 1288 1240 1174 1136 1113 1095 1064 1059 1048 1042 1032 1028 1021 1019 1019 1017 1013 1009 1007
13880 9095 6049 5104 4208 3550 2626 2320 2019 1824 1674 1521 1415 1361 1259 1210 1159 1127 1104 1093 1061 1045 1056 1039 1029 1034
2447 1947 1612 1486 1408 1302 1188 1147 1122 1095 1081 1058 1049 1043 1040 1032 1025 1019 1020 1018 1016 1013 1011 1008 1008 1008
15185 10004 6739 5433 4599 3784 2734 2382 2070 1839 1709 1590 1455 1360 1272 1227 1180 1143 1125 1100 1075 1065 1059 1041 1040 1025
4685 3265 2450 2117 1896 1767 1463 1385 1282 1217 1190 1155 1117 1093 1085 1066 1054 1042 1035 1035 1023 1027 1020 1022 1017 1012
1187 1138 1091 1064 1060 1055 1039 1029 1019 1021 1016 1019 1014 1015 1008 1015 1012 1015 1009 1010 1006 1012 1008 1007 1009 1008
16383 14425 9534 7728 6368 5311 3698 3149 2729 2337 2065 1863 1701 1558 1468 1322 1283 1206 1172 1135 1112 1096 1080 1069 1047 1037
6735 4659 3270 2866 2415 2181 1722 1587 1453 1365 1285 1239 1191 1137 1131 1092 1082 1063 1057 1051 1030 1025 1029 1024 1017 1017
2571 1942 1635 1473 1395 1323 1202 1166 1133 1096 1080 1076 1053 1053 1035 1040 1031 1023 1022 1020 1013 1012 1010 1013 1011 1008
1454 1269 1183 1144 1117 1097 1063 1042 1036 1036 1028 1021 1023 1020 1019 1013 1012 1010 1012 1007 1011 1009 1008 1008 1009 1007
2531 1951 1601 1477 1392 1297 1192 1158 1122 1095 1079 1067 1059 1059 1039 1032 1020 1021 1021 1016 1010 1014 1015 1009 1012 1009
1435 1324 1220 1169 1133 1107 1068 1051 1042 1035 1034 1023 1023 1025 1015 1019 1015 1010 1013 1010 1009 1013 1007 1004 1009 1008
14819 9703 6515 5460 4413 3773 2745 2318 2093 1874 1704 1549 1445 1350 1272 1225 1182 1147 1125 1089 1080 1065 1050 1039 1034 1030
4342 3052 2308 2051 1867 1655 1413 1329 1270 1214 1163 1136 1116 1090 1071 1065 1047 1034 1031 1027 1020 1021 1018 1016 1011 1010
3196 2452 1869 1658 1535 1420 1261 1212 1184 1134 1121 1103 1076 1069 1048 1046 1040 1027 1027 1016 1016 1014 1012 1010 1013 1010
12033 8045 5365 4502 3802 3215 2355 2158 1882 1686 1597 1432 1367 1292 1220 1198 1147 1126 1099 1080 1062 1048 1047 1031 1032 1020
1640 1390 1226 1184 1150 1110 1083 1054 1041 1039 1027 1025 1025 1019 1017 1019 1015 1016 1017 1010 1013 1011 1010 1010 1010 1012
16383 11515 7593 6220 5221 4270 3118 2657 2341 2044 1834 1649 1515 1434 1339 1255 1220 1179 1127 1119 1102 1066 1058 1060 1037 1037
1253 1172 1106 1084 1063 1067 1036 1029 1034 1024 1026 1019 1014 1018 1013 1008 1010 1010 1012 1015 1015 1010 1011 1009 1007 1008
16382 11433 7619 6237 5110 4335 3106 2641 2295 2013 1858 1703 1540 1407 1355 1282 1203 1170 1135 1115 1086 1070 1054 1043 1040 1040
14664 9453 6362 5304 4455 3715 2653 2363 2049 1830 1676 1539 1450 1322 1273 1250 1169 1149 1105 1093 1079 1057 1047 1054 1032 1026
3584 2627 2029 1812 1665 1513 1336 1285 1209 1168 1148 1113 1088 1074 1058 1041 1036 1036 1026 1026 1021 1019 1014 1014 1013 1007
1314 1171 1123 1081 1056 1057 1036 1022 1019 1022 1023 1013 1013 1014 1015 1012 1010 1010 1009 1009 1007 1012 1010 1008 1008 1012
7620 5090 3551 3063 2656 2339 1804 1648 1523 1423 1336 1258 1214 1172 1125 1116 1092 1075 1069 1043 1038 1030 1030 1025 1018 1019
1253 1174 1104 1073 1067 1059 1042 1031 1030 1018 1013 1019 1015 1009 1010 1014 1010 1012 1012 1009 1009 1010 1012 1006 1006 1008
4755 3380 2483 2261 1964 1758 1457 1359 1301 1226 1197 1151 1121 1102 1086 1069 1047 1046 1042 1036 1024 1018 1019 1014 1012 1010
1464 1305 1188 1166 1124 1107 1066 1052 1046 1036 1030 1026 1020 1014 1014 1017 1012 1012 1013 1012 1017 1007 1015 1006 1008 1009
3753 2683 2065 1860 1671 1592 1339 1260 1232 1182 1129 1110 1092 1086 1070 1042 1029 1035 1030 1022 1026 1021 1015 1007 1013 1012
3407 2510 1943 1760 1559 1488 1356 1227 1184 1157 1125 1111 1069 1068 1039 1048 1035 1048 1025 1030 1024 1019 1018 1012 1025 1021
1364 1234 1157 1125 1093 1084 1066 1043 1035 1028 1026 1021 1021 1024 1012 1013 1014 1010 1011 1007 1008 1010 1007 1011 1008 1009
16382 11446 7594 6138 5053 4356 3115 2632 2258 1997 1847 1669 1542 1451 1322 1271 1225 1164 1124 1107 1087 1063 1062 1037 1040 1026
1223 1139 1107 1070 1057 1047 1036 1026 1023 1023 1020 1014 1015 1012 1013 1015 1012 1012 1011 1009 1008 1012 1007 1010 1009 1008
16383 14571 9494 7826 6391 5282 3756 3100 2722 2325 2054 1827 1665 1536 1412 1338 1280 1222 1168 1165 1104 1090 1087 1062 1044 1042
1335 1217 1145 1114 1083 1075 1047 1037 1040 1027 1022 1021 1018 1016 1012 1014 1014 1013 1015 1010 1009 1007 1011 1007 1009 1007
16382 11314 7456 6163 5103 4253 3053 2623 2310 2052 1793 1624 1514 1423 1317 1250 1204 1161 1153 1109 1081 1073 1060 1053 1047 1043
2918 2235 1786 1606 1486 1383 1246 1174 1164 1120 1107 1091 1058 1057 1037 1041 1029 1020 1017 1019 1014 1010 1013 1013 1012 1014
2882 2175 1747 1591 1460 1382 1240 1189 1150 1146 1104 1097 1064 1057 1042 1040 1032 1024 1023 1017 1014 1013 1013 1009 1013 1012
6356 4452 3164 2736 2367 2076 1696 1551 1431 1346 1276 1238 1180 1140 1117 1094 1075 1067 1049 1040 1024 1026 1025 1020 1016 1016
13168 8779 5870 4834 4075 3374 2512 2242 1954 1733 1599 1490 1381 1310 1257 1212 1152 1127 1100 1079 1073 1055 1047 1030 1036 1019
16383 11839 7777 6396 5343 4453 3121 2717 2350 2089 1857 1694 1545 1429 1360 1284 1198 1182 1133 1111 1092 1071 1065 1049 1040 1038
4941 3614 2621 2337 2029 1803 1503 1414 1330 1264 1214 1168 1131 1101 1091 1067 1059 1041 1050 1033 1029 1026 1021 1017 1017 1013
3585 2581 2044 1848 1650 1523 1339 1265 1231 1163 1120 1115 1104 1075 1055 1048 1044 1039 1034 1026 1022 1019 1019 1017 1014 1012
16375 14158 9146 7601 6199 5124 3610 3065 2647 2307 2026 1814 1668 1545 1407 1325 1286 1208 1171 1131 1104 1092 1079 1058 1044 1034
3323 2481 1938 1732 1594 1465 1324 1258 1187 1145 1121 1102 1082 1058 1046 1045 1036 1034 1027 1021 1022 1017 1017 1014 1013 1014
3792 2754 2117 1894 1686 1550 1344 1285 1219 1184 1146 1122 1086 1074 1067 1051 1044 1033 1023 1028 1017 1017 1018 1013 1014 1013
10311 6889 4787 3961 3338 2870 2136 1927 1771 1591 1462 1362 1301 1247 1186 1154 1126 1107 1086 1073 1054 1047 1040 1029 1036 1026
1441 1271 1189 1143 1117 1088 1065 1051 1043 1034 1025 1025 1017 1017 1014 1010 1013 1012 1010 1013 1012 1012 1012 1009 1010 1013
1415 1299 1191 1169 1118 1106 1065 1054 1053 1049 1034 1024 1026 1024 1012 1019 1016 1010 1011 1008 1007 1008 1012 1011 1013 1005
1446 1255 1192 1134 1114 1087 1062 1052 1040 1032 1027 1028 1020 1019 1015 1017 1015 1014 1012 1012 1006 1008 1013 1010 1008 1008
4503 3215 2390 2105 1883 1694 1444 1361 1305 1240 1173 1134 1115 1098 1069 1065 1047 1039 1041 1027 1028 1024 1019 1015 1017 1013
4071 2876 2233 1949 1757 1632 1380 1291 1248 1196 1157 1128 1095 1081 1070 1050 1056 1045 1038 1026 1024 1018 1019 1012 1008 1013
2207 1759 1448 1388 1305 1256 1166 1120 1098 1076 1072 1059 1045 1036 1030 1027 1019 1017 1014 1020 1016 1008 1013 1012 1010 1009
3057 2323 1869 1634 1530 1453 1271 1209 1172 1150 1110 1096 1069 1060 1045 1041 1035 1025 1019 1019 1013 1015 1007 1013 1012 1010
5078 3577 2674 2297 2013 1803 1515 1429 1324 1258 1211 1170 1139 1108 1094 1076 1054 1049 1042 1032 1025 1021 1015 1017 1017 1009
1412 1253 1150 1123 1098 1081 1046 1040 1031 1030 1030 1025 1018 1016 1016 1014 1013 1012 1012 1010 1011 1009 1008 1008 1007 1007
1320 1232 1142 1117 1112 1087 1057 1036 1034 1033 1028 1022 1023 1015 1013 1013 1013 1013 1014 1009 1013 1009 1007 1010 1008 1010
9141 6084 4273 3503 2974 2629 2012 1798 1644 1484 1411 1336 1265 1200 1171 1133 1098 1089 1066 1050 1045 1039 1032 1023 1023 1021
3279 2421 1906 1721 1590 1464 1301 1220 1189 1150 1131 1091 1076 1054 1052 1041 1033 1041 1032 1023 1019 1017 1013 1013 1009 1009
4445 3281 2404 2112 1882 1678 1437 1331 1276 1231 1192 1148 1114 1089 1083 1067 1053 1036 1034 1028 1023 1028 1015 1020 1014 1015
4330 3071 2311 2050 1823 1655 1390 1342 1266 1203 1174 1142 1118 1081 1083 1058 1055 1039 1035 1026 1019 1020 1018 1016 1016 1014
2532 1473 1239 1132 1108 1103 1066 1052 1043 1026 1018 1024 1017 1019 1015 1010 1011 1012 1009 1010 1012 1010 1008 1007 1010 1004
9513 6381 4419 3687 3186 2702 2125 1868 1681 1551 1451 1328 1265 1229 1177 1139 1119 1081 1075 1059 1060 1043 1035 1032 1021 1016
14582 9518 6292 5300 4409 3709 2716 2350 2040 1871 1680 1531 1438 1346 1266 1216 1188 1124 1104 1089 1067 1058 1052 1037 1039 1025
2764 2050 1670 1584 1431 1341 1228 1183 1146 1114 1097 1081 1063 1048 1040 1034 1033 1025 1019 1019 1015 1014 1012 1012 1012 1011
