# Matrice Z (50x13)
232 197 181 180 181 187 145 96 63 40 29 21 5
195 144 125 124 124 137 94 61 38 25 10 9 4
51 28 25 25 24 29 21 7 4 5 3 5 3
68 41 35 34 36 37 28 18 11 12 4 11 8
234 201 185 183 186 192 151 102 64 37 25 12 8
76 46 38 40 39 42 30 19 8 5 5 2 1
67 41 34 33 36 35 31 14 9 4 4 2 3
55 32 29 28 28 35 26 14 3 6 0 0 2
255 254 252 253 253 253 245 220 178 126 84 52 33
215 170 153 152 153 164 114 75 48 27 20 10 4
188 136 117 120 116 123 88 58 30 21 15 7 3
111 72 61 64 65 65 47 30 20 9 6 7 1
192 140 122 120 123 131 94 59 37 22 20 9 3
151 97 84 83 86 90 60 39 20 11 7 11 5
255 255 253 253 253 254 245 221 179 126 79 59 36
203 155 135 138 133 145 103 72 37 29 10 4 3
244 218 205 205 205 212 175 120 78 45 33 21 14
68 41 36 35 37 44 27 18 9 8 8 2 3
251 236 227 227 227 232 203 155 102 66 39 29 17
232 198 182 183 182 189 147 99 56 40 21 15 10
255 255 255 255 255 255 255 253 243 218 172 120 78
243 216 203 202 202 210 170 119 70 46 29 20 13
93 57 49 47 49 50 38 22 16 6 1 2 4
86 54 46 46 47 50 36 27 17 4 1 2 2
154 104 91 89 92 99 64 42 25 18 14 7 4
35 20 16 16 18 17 11 10 4 4 3 2 5
71 42 37 36 35 39 29 14 13 8 3 5 3
194 163 156 144 143 155 105 69 42 28 18 8 3
142 97 82 82 84 85 65 36 23 16 10 6 1
219 148 119 126 123 131 63 35 20 9 7 1 3
176 118 99 99 101 110 74 44 28 20 11 6 5
179 126 109 107 110 116 89 53 30 20 16 6 6
203 155 135 135 135 139 107 63 37 26 15 6 2
232 198 182 181 182 189 149 97 64 39 26 17 14
145 94 79 82 81 89 57 38 19 11 9 6 6
195 144 126 125 128 133 97 61 37 25 24 11 6
55 32 26 26 25 31 22 10 3 3 4 2 2
53 32 27 27 29 28 17 13 12 5 9 4 3
139 90 78 77 79 83 55 36 24 12 12 3 10
79 49 41 42 41 43 32 20 8 3 2 1 4
56 33 27 28 28 33 31 19 9 4 6 3 5
214 168 147 148 147 155 111 72 48 30 19 11 2
255 255 255 255 254 255 246 223 184 135 83 49 29
122 79 68 65 67 76 46 28 18 14 7 5 2
67 37 32 31 33 35 26 18 10 9 3 2 4
69 45 38 39 38 44 26 23 9 4 6 7 3
72 42 38 38 38 37 27 17 6 10 5 4 3
209 149 124 126 127 136 90 57 30 24 16 9 6
255 255 254 254 254 254 249 230 191 139 92 59 37
142 94 80 82 82 85 59 37 23 17 10 3 4
