# Matrice Z (100x46)
511 510 511 511 513 513 514 510 513 515 515 513 515 517 520 515 522 527 529 519 538 545 554 561 575 590 599 631 655 698 726 785 873 934 1057 1291 1411 1660 2012 2393 2867 3529 4248 5252 6443 7936
513 512 515 512 516 512 514 512 510 512 515 515 510 512 512 515 510 510 514 512 513 514 513 516 518 516 521 518 524 531 528 533 546 552 557 568 590 615 647 671 724 744 832 901 1022 1151
509 513 516 514 510 510 511 515 512 512 509 513 511 513 516 516 517 521 526 520 526 534 534 543 552 568 583 605 629 653 676 746 797 887 1009 1105 1263 1496 1698 2013 2435 2901 3495 4279 5284 6597
516 513 512 516 511 510 516 515 516 517 523 519 522 525 533 528 532 545 551 577 581 592 624 653 693 735 751 847 940 1042 1226 1343 1631 1880 2234 2628 3228 4034 4837 6007 7305 9092 11454 14215 16383 16383
513 512 514 513 512 513 514 513 509 513 513 511 512 513 511 516 513 516 518 513 518 521 523 525 530 525 529 533 547 555 564 579 599 618 638 686 739 793 866 960 1073 1210 1358 1636 1915 2304
509 513 510 512 511 512 511 516 510 511 510 510 516 511 513 513 514 511 514 513 517 515 522 518 515 521 520 527 524 526 529 535 538 543 559 567 583 610 617 644 669 722 791 896 935 1023
512 509 515 517 513 514 513 514 512 513 512 514 510 515 510 514 513 514 515 519 520 516 524 518 528 528 526 534 546 553 552 566 586 604 647 641 707 747 817 898 982 1147 1299 1448 1727 2124
512 514 509 515 516 514 516 513 516 518 517 514 516 518 512 519 522 519 523 520 530 534 547 552 572 570 592 629 648 677 752 778 849 903 1040 1127 1294 1546 1787 2114 2572 3187 3834 4747 5769 7277
519 511 510 515 511 512 512 514 512 509 511 509 511 511 513 512 511 511 514 513 515 513 517 520 521 522 525 528 522 533 540 548 558 570 598 610 638 678 714 775 824 938 1025 1152 1344 1561
514 515 509 514 511 514 513 509 513 509 514 514 513 514 516 512 514 511 514 514 517 517 521 521 520 530 532 538 543 542 551 567 586 585 610 636 670 697 747 829 914 1017 1107 1283 1477 1729
515 515 516 511 513 513 510 515 515 509 510 514 510 510 513 512 516 511 513 514 517 516 514 519 518 518 519 515 525 526 534 532 547 559 560 581 578 596 637 676 734 781 814 913 1063 1205
511 510 512 513 514 511 507 516 515 511 515 513 513 512 514 518 514 517 517 517 522 522 527 533 534 542 538 552 558 571 597 613 661 678 714 792 859 928 1056 1187 1373 1592 1842 2180 2637 3220
515 514 514 508 511 514 513 512 512 512 516 513 515 517 516 516 516 517 522 527 527 531 531 537 557 551 562 585 593 614 648 687 733 792 855 905 1029 1165 1387 1516 1822 2153 2490 3082 3785 4685
514 512 512 513 513 512 514 512 513 515 514 512 510 512 514 514 514 516 513 519 517 515 518 516 522 524 530 524 528 535 536 540 557 560 587 598 624 633 708 746 802 888 965 1124 1231 1423
514 511 513 512 512 515 515 513 514 513 513 515 512 515 515 516 516 516 518 523 522 523 530 534 538 541 549 561 578 594 618 639 671 717 766 853 920 1005 1173 1356 1538 1785 2095 2562 3113 3745
515 515 514 511 515 514 510 516 513 512 512 513 512 514 514 511 517 515 521 518 520 519 522 521 534 540 548 569 564 585 602 634 675 692 755 805 890 971 1079 1218 1442 1620 1996 2408 2782 3400
517 513 509 511 510 510 512 512 515 516 514 516 513 518 515 519 528 525 516 539 535 538 557 562 572 591 640 650 695 748 776 860 923 1096 1166 1429 1606 1870 2244 2670 3216 3873 4973 5890 7418 9213
505 506 510 514 517 513 513 520 511 515 509 511 510 515 513 515 522 514 518 517 515 516 522 525 526 527 535 536 551 555 571 586 604 630 648 681 734 774 872 980 1078 1180 1445 1624 1915 2322
515 515 512 509 513 513 512 515 514 510 513 511 512 514 513 516 517 517 519 519 524 526 529 534 534 538 552 553 569 585 610 639 661 729 748 833 882 1008 1160 1308 1523 1766 2091 2508 3058 3811
516 513 513 511 514 512 509 511 511 512 514 512 513 513 514 514 515 515 510 514 516 511 513 517 514 518 520 517 526 529 535 535 536 542 547 563 581 608 598 641 691 711 751 822 900 1014
511 509 512 513 515 511 511 511 511 511 513 513 513 514 513 509 515 511 515 514 511 511 510 513 514 516 513 511 515 516 519 514 519 520 520 520 524 529 540 540 551 567 578 596 597 621
513 514 511 513 510 514 514 516 512 516 516 514 514 516 514 518 517 514 526 523 532 528 533 543 555 558 573 584 616 634 689 715 767 833 907 996 1122 1300 1534 1773 2117 2511 2940 3677 4616 5653
510 514 507 513 511 512 510 512 514 512 511 513 515 513 516 518 517 516 514 523 529 527 534 539 534 548 546 560 598 587 626 633 696 735 772 861 931 1087 1186 1405 1646 1867 2215 2598 3220 3996
514 514 511 514 512 509 509 510 511 512 505 512 512 513 513 512 514 513 516 512 518 515 519 521 523 525 531 530 537 543 551 561 573 588 603 654 682 735 771 851 970 1031 1211 1377 1599 1871
519 516 520 524 525 535 531 537 547 563 555 568 582 614 629 653 716 753 805 890 1000 1080 1236 1451 1670 2015 2378 2832 3441 4121 5119 6422 8041 10005 12405 15278 16383 16382 16383 16383 16383 16383 16383 16383 16383 16383
510 516 512 511 512 513 510 511 511 512 511 512 513 514 513 511 510 516 517 519 515 514 518 517 518 513 527 527 552 546 542 566 593 588 607 627 693 717 770 883 974 1070 1165 1353 1570 1880
512 508 514 511 513 513 515 515 511 513 514 512 515 513 511 518 517 519 526 520 530 542 543 542 554 573 580 603 615 656 676 758 772 886 988 1073 1214 1412 1671 1967 2347 2799 3480 4287 5168 6434
512 512 515 512 512 512 515 515 514 514 514 515 514 520 516 517 517 519 519 520 525 524 526 540 535 552 558 562 574 605 629 648 690 738 806 870 946 1077 1235 1445 1645 1942 2305 2760 3325 4095
513 513 510 510 513 513 514 514 511 509 512 514 510 512 514 519 517 514 519 525 522 525 535 535 539 538 551 573 572 594 618 661 701 726 782 845 959 1094 1211 1392 1643 1885 2292 2747 3248 4103
512 510 509 512 512 512 508 513 513 511 512 514 510 511 516 512 517 519 516 520 524 519 522 532 538 534 547 550 572 575 595 624 641 692 735 794 860 959 1082 1249 1378 1675 1898 2342 2742 3283
514 512 512 514 514 518 520 518 517 518 520 523 526 533 531 529 531 550 564 591 589 612 635 670 724 783 859 917 1052 1148 1358 1573 1815 2188 2595 3179 3855 4722 5717 7208 8737 11099 13728 16383 16383 16383
512 512 513 513 511 510 510 510 510 513 512 513 510 512 513 511 511 513 509 512 515 511 513 512 513 512 515 518 516 520 516 523 519 529 533 535 545 549 558 570 585 601 655 665 713 769
509 518 513 511 511 512 512 511 514 516 512 513 515 514 516 518 518 521 519 530 527 534 540 541 550 562 585 602 633 665 701 747 782 867 952 1068 1199 1342 1606 1825 2317 2726 3345 4049 4940 6128
512 511 513 516 513 513 510 515 515 515 517 517 515 512 516 517 516 517 519 525 529 525 530 529 551 555 567 572 596 609 636 655 706 739 796 884 947 1143 1251 1392 1698 2011 2362 2871 3505 4292
514 515 512 508 512 513 511 515 512 511 510 514 512 513 514 515 512 514 514 518 518 516 517 514 519 527 525 527 533 543 545 553 584 599 614 642 682 725 732 827 894 1009 1151 1270 1481 1724
511 513 511 511 515 513 510 513 513 512 516 512 518 514 514 516 519 518 520 522 524 527 527 528 540 545 557 563 578 607 620 635 687 721 763 845 929 1061 1165 1376 1513 1795 2176 2614 3157 3802
511 512 514 514 515 513 512 516 516 515 512 515 517 512 514 517 518 516 524 528 523 529 545 538 548 555 576 591 616 634 657 717 776 827 873 953 1137 1289 1466 1655 2024 2413 2868 3462 4280 5271
515 513 509 512 514 512 512 515 512 513 512 511 513 513 517 517 514 519 518 518 525 517 525 526 534 539 542 554 575 593 609 625 673 719 732 824 856 984 1103 1275 1449 1681 2004 2375 2922 3605
515 514 510 514 512 512 512 516 514 514 512 512 516 517 517 520 519 520 524 532 530 540 541 542 545 566 574 617 628 664 705 747 791 877 989 1125 1225 1396 1733 1958 2442 2878 3476 4292 5264 6495
510 515 514 509 512 512 511 510 512 510 513 512 515 514 512 512 511 513 515 512 513 513 514 515 517 514 518 520 523 519 529 528 535 537 557 555 568 583 608 624 652 686 734 788 838 943
513 514 511 514 516 516 514 516 517 517 522 519 521 521 525 527 528 547 553 558 570 579 620 637 676 700 743 809 928 982 1133 1301 1439 1753 2048 2465 2958 3585 4463 5544 6648 8374 10455 12941 16178 16382
512 514 514 507 509 512 514 509 514 511 513 513 512 513 513 516 513 516 518 521 521 524 525 525 535 541 543 549 573 573 599 618 659 676 725 770 813 937 1077 1184 1344 1584 1811 2223 2661 3175
508 510 516 512 514 513 515 513 512 514 513 512 516 513 513 517 520 519 520 531 529 528 539 541 563 553 572 607 611 639 689 709 750 846 928 1018 1150 1298 1560 1795 2062 2527 3085 3743 4699 5711
513 509 513 513 514 511 512 513 514 516 512 511 514 510 514 516 514 516 516 517 514 522 521 522 528 529 539 539 545 549 570 575 595 622 673 711 737 792 872 978 1100 1222 1407 1664 1988 2326
512 513 511 509 514 512 515 512 510 512 515 510 514 518 517 519 517 520 521 522 536 532 537 553 565 570 593 596 638 691 713 757 803 902 979 1120 1287 1495 1735 2064 2409 2934 3594 4371 5409 6668
510 511 513 512 515 513 513 511 514 511 515 514 514 517 516 520 516 519 521 526 525 532 535 542 546 551 572 583 603 631 646 689 749 778 899 985 1061 1217 1370 1631 1883 2260 2671 3295 3978 4902
514 514 513 513 510 514 512 509 516 515 511 511 513 516 513 513 517 517 518 522 524 529 524 529 546 544 551 560 577 588 618 642 695 719 773 822 961 1067 1185 1339 1580 1901 2205 2682 3211 4017
515 511 512 514 512 514 514 513 512 512 514 514 510 510 515 514 513 514 519 516 512 520 517 526 526 521 535 538 552 559 568 595 626 629 659 717 745 856 879 1022 1147 1293 1467 1714 2032 2431
512 514 516 514 510 514 513 517 516 516 518 524 522 522 525 527 535 534 548 561 575 581 606 602 645 704 744 788 889 981 1104 1238 1427 1697 1987 2406 2952 3499 4366 5371 6522 7953 10034 12617 15607 16383
510 511 514 511 514 510 512 513 515 512 515 514 510 516 512 512 514 514 513 518 514 516 519 517 522 523 530 535 532 543 550 568 577 601 612 654 649 744 778 843 920 1037 1188 1344 1556 1925
511 514 513 513 515 513 511 511 512 513 516 510 516 516 516 519 516 523 520 522 531 530 530 540 548 560 576 604 615 643 665 702 760 830 894 1007 1142 1304 1479 1726 2129 2482 2995 3615 4549 5557
512 512 512 512 512 513 511 515 511 519 516 518 513 514 517 523 524 522 528 534 535 542 549 572 571 591 615 640 661 716 744 821 898 1015 1147 1300 1533 1720 2080 2549 3078 3577 4593 5595 6988 8666
514 511 512 513 516 511 510 512 515 512 513 512 511 514 513 521 516 519 520 521 519 528 528 526 533 540 551 563 584 595 597 642 683 714 778 865 930 1037 1201 1355 1564 1877 2253 2707 3121 3896
512 512 512 509 511 509 510 510 517 511 512 512 514 517 520 517 518 520 524 524 523 525 533 538 548 552 562 590 596 637 656 694 750 816 923 986 1152 1348 1487 1807 2098 2522 2941 3576 4313 5156
511 513 515 514 513 511 514 513 512 514 512 512 515 511 514 513 508 513 517 513 518 519 518 523 518 527 532 527 530 539 543 562 578 576 619 620 671 714 752 819 913 1000 1141 1269 1500 1727
512 510 509 510 512 511 509 513 510 513 512 511 511 511 511 512 510 510 510 512 510 512 514 515 516 515 514 519 515 522 519 525 528 532 534 541 554 576 586 618 618 653 687 749 816 852
514 516 514 516 517 512 514 516 517 519 520 521 525 532 529 539 550 558 574 578 599 630 643 687 733 798 871 962 1123 1198 1425 1648 1995 2305 2770 3496 4124 5161 6321 7801 9821 12244 15294 16383 16383 16383
514 512 512 514 512 513 512 511 512 511 514 509 511 514 513 516 515 516 512 515 512 514 516 519 510 516 520 524 527 525 534 539 539 553 575 573 587 604 641 670 734 759 813 919 1059 1162
511 513 510 514 510 509 512 514 512 514 513 513 513 511 513 514 517 516 516 519 524 524 530 527 533 545 549 562 576 596 622 640 698 708 795 835 941 1029 1186 1344 1537 1826 2165 2676 3166 3913
515 510 509 510 511 514 513 512 512 513 516 512 512 513 515 516 514 515 514 514 516 522 523 529 523 534 540 546 552 562 572 589 599 635 676 737 772 844 873 1012 1136 1272 1520 1800 2089 2583
515 514 513 511 509 514 513 515 514 513 514 514 514 517 513 519 519 513 516 527 525 523 528 539 538 545 550 564 589 584 593 628 665 681 703 761 806 864 983 1072 1145 1314 1447 1678 1923 2124
511 509 511 512 511 512 512 510 515 514 509 513 511 511 509 511 515 513 513 515 515 521 512 525 525 525 532 531 547 548 563 564 590 604 644 673 724 749 821 908 1040 1118 1356 1532 1744 2088
515 512 516 514 510 517 515 514 518 515 515 516 512 513 520 519 521 525 525 538 538 548 543 563 571 583 605 636 668 679 763 806 880 956 1092 1243 1438 1700 1950 2368 2842 3415 4201 5032 6383 7856
512 510 510 510 514 519 520 517 519 517 517 526 527 529 530 537 546 567 555 593 595 623 656 694 744 816 883 977 1078 1296 1459 1669 1999 2385 2859 3462 4192 5050 6397 7921 9819 12194 15506 16383 16383 16383
511 513 517 516 510 514 515 511 517 516 516 513 515 515 515 520 522 523 534 529 540 539 544 566 565 586 620 634 668 698 764 827 912 1025 1128 1319 1501 1759 2035 2532 3042 3666 4560 5590 6859 8597
516 517 515 515 512 515 515 513 514 513 517 517 516 515 518 522 528 528 531 532 540 543 552 547 572 586 613 631 680 707 762 849 901 975 1140 1294 1522 1744 2096 2529 2960 3679 4424 5598 6825 8386
511 512 512 515 513 514 513 513 512 511 511 512 517 516 513 516 517 519 517 515 525 526 527 534 539 545 548 560 577 594 617 625 675 708 787 858 914 982 1123 1314 1558 1782 2014 2588 3069 3700
515 513 515 509 511 514 517 515 512 515 516 517 511 516 516 514 519 515 521 515 523 523 525 530 530 544 546 553 554 575 583 626 650 690 731 795 846 963 1056 1192 1380 1623 1856 2237 2706 3279
514 515 513 515 512 513 515 513 512 520 511 514 516 513 514 513 514 518 521 520 516 519 520 522 534 539 544 552 561 566 569 602 607 647 692 715 807 861 932 1032 1191 1371 1581 1903 2242 2692
512 513 511 517 514 510 514 514 514 514 514 511 514 520 520 515 520 525 527 530 537 549 555 558 561 585 626 637 656 718 784 800 895 1006 1160 1281 1494 1734 2101 2468 2997 3646 4483 5491 6822 8570
514 513 511 511 510 516 512 512 511 515 514 515 511 514 516 516 513 513 514 520 515 517 521 525 527 524 535 538 547 553 563 590 600 619 655 691 739 807 875 948 1068 1208 1408 1640 1953 2357
515 515 516 512 512 512 516 514 513 516 517 518 514 519 519 526 526 523 524 540 541 544 558 563 580 602 607 647 690 722 792 856 929 1066 1152 1354 1519 1780 2099 2441 2972 3623 4456 5424 6663 8260
515 511 508 516 510 514 517 510 518 512 521 516 520 526 523 533 534 538 552 562 581 590 607 633 670 687 755 808 893 1056 1146 1299 1489 1749 2035 2432 3119 3601 4344 5519 6759 8352 10619 13088 16172 16383
514 513 514 516 511 518 511 516 512 516 516 522 518 521 521 522 529 532 539 544 556 562 568 584 608 631 659 678 745 798 888 976 1097 1220 1387 1712 1918 2269 2686 3323 3861 4755 5865 7285 9002 11205
512 513 513 511 515 515 512 515 512 512 515 512 519 514 520 517 524 530 527 537 537 545 551 563 568 596 614 628 697 710 765 841 957 1065 1186 1370 1555 1773 2209 2616 3076 3881 4790 5867 7163 9002
514 511 510 509 516 515 510 513 510 513 512 511 509 509 514 516 515 515 513 514 519 519 520 521 525 529 530 541 546 566 565 577 597 628 658 697 743 794 907 988 1097 1275 1417 1682 1964 2339
513 516 515 516 519 520 522 520 528 532 533 531 539 542 563 579 579 612 628 666 720 784 819 919 1031 1177 1305 1533 1800 2168 2566 3064 3789 4593 5726 6956 8716 10830 13438 16383 16382 16383 16383 16383 16383 16383
513 514 509 511 515 514 511 512 513 513 512 512 514 512 512 515 515 517 518 518 518 520 527 532 541 542 545 568 577 587 613 655 670 700 787 825 948 1019 1182 1346 1518 1849 2193 2584 3091 3800
514 512 511 514 512 515 515 513 512 510 514 512 512 512 512 513 513 513 514 512 513 514 516 514 513 517 511 515 518 519 519 521 525 529 538 540 543 549 565 582 592 614 642 680 714 798
512 512 515 510 511 511 510 513 514 516 513 516 512 515 515 515 514 518 516 522 523 528 523 535 540 547 561 576 575 590 614 626 670 722 762 853 924 1005 1218 1356 1546 1935 2171 2595 3135 3906
514 509 515 513 509 515 513 513 514 516 520 521 524 530 531 533 536 552 550 575 599 612 650 670 708 764 822 926 1008 1157 1281 1594 1741 2143 2470 3037 3661 4507 5544 6879 8612 10723 13208 16383 16315 16306
513 512 512 512 512 513 512 514 514 511 513 515 512 513 513 517 513 514 515 519 513 521 524 518 524 523 530 538 541 554 559 576 585 609 633 666 709 751 832 901 997 1163 1292 1550 1750 2136
510 516 513 513 513 513 517 514 512 514 513 510 514 518 513 513 515 517 520 516 523 526 516 531 533 538 548 549 565 581 582 619 627 687 729 766 849 926 1023 1180 1287 1458 1779 2160 2496 3098
512 512 514 510 514 512 512 514 514 513 515 511 512 510 514 516 514 511 511 515 513 512 511 515 513 513 516 516 513 521 522 515 522 527 527 536 541 540 562 556 579 592 597 648 669 725
514 511 513 516 512 515 513 516 515 515 518 518 520 522 526 535 534 542 550 557 566 582 592 627 630 696 734 768 870 920 1046 1206 1389 1633 1923 2239 2623 3262 3974 4807 5933 7395 9320 11318 14332 16383
510 510 513 514 515 514 516 515 511 515 513 511 512 512 518 513 514 513 517 522 523 526 527 534 540 550 554 562 576 591 607 626 649 697 745 797 882 995 1072 1291 1506 1684 2005 2407 2824 3560
512 512 511 512 516 510 509 513 512 511 515 511 510 513 514 513 511 513 510 517 516 512 515 512 512 513 518 518 520 517 522 529 533 535 536 544 548 586 572 598 632 662 695 743 784 860
512 514 514 514 512 513 512 511 516 516 516 515 513 510 513 513 515 519 518 518 518 522 526 525 535 536 542 553 571 576 582 605 640 655 703 764 834 867 1020 1177 1293 1492 1773 2049 2528 2992
512 513 513 513 516 511 510 515 512 511 514 515 512 516 512 513 512 512 515 521 522 524 530 537 539 539 549 549 568 557 596 606 627 686 743 761 843 968 1056 1211 1377 1650 1879 2231 2716 3199
513 512 509 516 516 513 513 515 511 512 510 511 513 517 514 515 521 523 518 524 526 530 531 541 538 557 559 572 597 606 649 682 735 774 836 947 1000 1160 1371 1613 1866 2224 2709 3216 3912 4780
511 514 513 511 511 513 517 515 515 513 513 515 513 509 514 513 518 515 514 519 518 516 516 520 525 522 531 526 532 539 544 547 564 576 591 614 648 670 707 781 823 945 1047 1176 1355 1623
510 511 508 512 518 512 513 511 510 509 510 514 511 510 510 510 509 511 513 513 513 513 512 513 512 516 512 519 518 522 519 524 527 528 540 540 562 562 576 598 595 633 651 703 747 809
516 514 511 513 514 513 512 511 511 512 513 511 512 514 518 516 516 519 522 524 531 526 544 544 553 569 572 592 633 639 661 710 783 847 905 1046 1159 1320 1604 1838 2243 2717 3251 3966 4809 5890
515 513 513 512 514 513 517 520 515 520 525 532 526 533 544 559 559 562 575 600 626 667 680 764 813 906 951 1108 1230 1462 1715 1988 2405 2898 3445 4402 5260 6629 8217 10086 12682 15921 16383 16383 16383 16383
513 514 512 511 515 509 511 511 514 512 512 511 513 511 514 514 521 516 518 523 520 524 527 531 535 536 557 548 586 591 626 639 664 707 761 848 911 1028 1169 1377 1525 1801 2211 2614 3169 3915
514 512 516 516 516 512 513 516 514 517 515 517 518 521 522 517 523 520 525 529 533 550 552 565 574 597 616 619 666 691 724 802 904 995 1061 1259 1452 1710 1976 2361 2970 3444 4279 5273 6452 8061
513 515 517 513 511 512 515 511 513 510 512 511 513 513 511 513 515 511 515 516 518 514 520 515 516 525 519 528 525 537 542 551 557 558 568 600 629 651 685 734 801 869 969 1043 1216 1415
510 512 513 513 514 513 512 513 513 510 514 515 514 515 513 507 515 511 520 515 515 521 519 525 526 529 536 540 553 560 569 587 603 627 673 692 730 836 907 1028 1104 1271 1458 1733 2039 2462
513 512 515 514 513 512 512 514 511 513 515 513 514 514 514 512 514 516 513 515 516 518 523 520 523 531 535 534 547 552 573 578 607 622 653 688 735 807 883 954 1083 1203 1424 1640 1944 2286
512 509 514 512 512 515 513 503 512 510 512 510 511 523 512 512 513 508 512 512 504 514 507 516 514 514 514 518 516 514 518 517 528 521 523 533 534 548 550 562 580 601 611 653 664 721
