# Matrice Z (100x47)
512 512 511 509 515 512 514 513 513 516 517 516 514 515 518 518 522 520 523 530 537 538 547 555 582 577 613 614 645 691 741 827 915 984 1125 1274 1479 1646 2006 2393 2878 3535 4280 5336 6508 7985 9926
528 525 529 539 544 540 553 582 587 622 640 678 713 735 807 849 1012 1089 1261 1432 1724 2076 2413 2882 3618 4280 5313 6650 8111 10299 12694 15780 16383 16383 16383 16383 16383 16383 16383 16383 16383 16383 16383 16383 16383 16383 16383
509 514 511 511 517 516 516 517 520 524 523 538 533 547 542 554 577 583 608 625 677 708 746 820 907 1005 1106 1294 1455 1710 2035 2414 2882 3492 4313 5298 6741 8192 10329 12600 15779 16382 16383 16383 16382 16383 16383
511 512 515 513 515 515 514 515 517 514 516 512 516 519 517 514 516 526 525 533 530 538 540 561 578 591 592 644 663 718 759 839 961 994 1138 1317 1551 1723 2068 2519 3107 3696 4522 5648 7044 8666 10710
514 512 515 514 514 512 513 514 516 517 517 514 515 513 518 519 519 521 521 527 534 533 539 550 556 583 587 588 608 669 679 722 786 863 941 1063 1220 1407 1621 1918 2251 2816 3335 4122 4852 6130 7666
512 510 510 514 511 512 513 515 515 513 514 513 515 515 512 514 515 518 515 516 517 518 525 526 532 533 542 545 561 572 580 599 600 645 687 736 798 898 962 1060 1216 1396 1624 1893 2288 2727 3270
513 515 513 509 512 512 511 511 512 512 515 513 512 515 510 512 511 514 511 512 514 515 516 516 518 516 519 521 523 526 531 536 542 549 561 584 584 605 620 653 711 732 837 847 981 1070 1274
511 509 512 515 512 511 512 513 514 513 511 510 516 515 513 513 517 516 514 517 520 520 522 518 526 530 526 535 542 547 549 574 585 611 630 672 703 764 822 869 986 1091 1265 1388 1672 1951 2323
512 514 513 513 511 514 511 513 514 514 514 511 517 512 514 513 512 514 512 510 515 517 512 517 521 524 528 526 530 535 537 549 556 574 585 612 632 680 711 771 810 869 998 1107 1272 1412 1705
510 511 512 509 512 514 514 512 513 512 513 514 514 517 516 513 515 518 511 518 519 520 528 531 537 535 540 554 550 563 593 593 607 654 671 722 774 861 948 1093 1193 1367 1612 1895 2239 2711 3215
511 516 511 512 512 512 512 511 510 512 512 516 514 511 512 515 516 518 522 523 527 528 536 534 537 545 553 572 580 604 638 661 718 730 820 901 974 1088 1235 1414 1746 1967 2359 2849 3536 4334 5394
515 510 512 512 513 511 513 510 514 512 515 516 516 517 516 518 513 518 517 525 525 524 531 545 543 556 568 567 588 619 648 664 704 760 840 900 1032 1187 1351 1486 1784 2133 2628 3011 3783 4610 5748
510 511 516 512 512 513 512 513 512 513 512 510 512 514 514 513 512 512 515 511 509 513 513 517 513 521 519 524 521 527 528 533 537 543 549 563 584 605 623 680 687 748 840 883 978 1129 1288
512 512 512 517 512 510 514 512 519 512 512 514 515 517 520 521 520 519 529 530 531 537 539 555 555 569 599 611 636 645 710 755 811 882 996 1139 1303 1497 1733 2025 2456 2918 3540 4279 5370 6624 8183
510 513 512 513 512 513 511 511 512 512 512 517 512 513 514 516 515 517 514 517 523 521 525 522 530 541 545 547 552 569 581 591 625 646 683 739 802 897 985 1106 1232 1396 1682 1977 2345 2887 3418
515 514 510 510 513 511 513 513 516 511 512 518 509 511 518 515 511 511 516 517 522 527 526 527 535 544 556 582 590 598 607 632 685 709 786 859 925 1085 1188 1364 1612 1861 2224 2651 3185 3939 4851
512 510 516 513 511 514 517 516 517 515 515 519 517 522 524 532 534 535 543 560 562 575 591 604 621 651 728 751 828 886 1027 1098 1270 1462 1741 2029 2411 2921 3536 4259 5316 6462 8101 10099 12540 15686 16383
508 513 510 509 512 513 510 513 514 514 515 515 517 512 518 518 520 516 523 521 527 532 536 549 565 581 592 588 614 639 699 704 784 862 943 1052 1195 1357 1517 1851 2179 2557 3158 3785 4630 5722 7060
510 510 509 509 515 515 510 515 515 516 516 510 512 512 510 513 517 512 515 521 521 519 523 536 530 535 538 553 555 572 578 608 620 650 708 744 827 868 980 1082 1235 1448 1701 1956 2420 2861 3414
513 512 512 512 512 517 518 514 513 510 516 514 517 512 518 520 522 526 524 532 533 546 551 567 568 593 623 637 673 704 763 848 885 999 1126 1271 1458 1733 2074 2481 2926 3551 4412 5436 6660 8449 10435
512 512 512 512 508 513 514 517 514 515 524 523 528 525 538 529 549 557 567 580 599 616 645 698 721 774 863 956 1073 1216 1329 1597 1830 2202 2706 3227 3932 4727 5950 7366 9060 11227 14271 16383 16363 16362 16356
514 514 513 513 514 513 513 514 511 517 517 512 516 512 514 519 518 519 524 521 526 525 535 532 531 547 549 566 594 598 634 633 708 727 808 872 963 1066 1243 1378 1655 1920 2319 2786 3346 4147 4986
513 513 509 511 508 511 509 511 509 511 515 514 512 512 514 515 513 516 514 516 514 520 521 526 522 522 534 540 538 555 559 570 590 620 633 679 704 786 856 920 1037 1154 1309 1557 1802 2153 2607
508 514 512 513 513 511 512 516 513 510 511 515 512 512 512 512 513 516 511 521 522 526 525 524 525 532 544 547 564 556 568 578 612 630 683 713 759 840 922 1051 1130 1311 1496 1773 2198 2576 3095
512 515 510 512 509 514 514 514 513 515 514 514 517 512 515 518 518 526 527 521 527 534 542 547 556 580 580 612 632 660 690 730 808 864 998 1082 1271 1528 1709 2027 2437 2940 3617 4323 5265 6596 8139
510 513 515 512 509 513 520 516 513 510 516 518 508 516 513 514 512 517 513 514 514 507 510 510 509 512 516 515 515 517 520 520 516 518 524 521 527 526 542 539 558 566 575 591 626 658 684
514 509 515 515 511 515 515 510 514 511 510 510 513 514 512 515 511 513 515 514 512 513 516 517 517 517 522 521 530 531 527 531 536 545 559 567 589 601 634 668 694 761 823 911 983 1111 1283
516 514 513 510 514 511 511 517 514 516 513 516 514 514 515 516 520 517 524 527 535 533 531 540 546 554 558 573 599 617 652 668 705 781 860 894 1025 1146 1313 1536 1797 2118 2528 3054 3688 4507 5572
512 514 514 512 515 512 513 516 520 519 519 519 522 522 530 533 540 542 548 568 576 600 611 623 643 698 737 803 888 944 1038 1176 1279 1495 1694 1936 2221 2694 3170 3629 4471 5106 6054 7326 8703 10366 11734
513 513 512 511 511 509 511 512 513 511 510 513 511 511 512 513 511 511 513 516 512 513 513 513 512 515 517 516 514 516 512 519 519 521 522 523 536 541 548 554 559 579 595 608 650 690 723
520 515 511 509 511 509 514 517 508 513 515 513 518 515 513 518 519 520 522 523 532 525 536 545 549 562 580 576 612 636 671 732 759 833 961 1036 1148 1370 1544 1802 2164 2597 3110 3883 4646 5848 7218
509 514 510 510 509 511 512 514 512 509 513 511 514 514 514 514 518 513 516 514 519 515 518 519 518 524 530 535 544 543 549 572 571 595 627 671 694 732 806 885 972 1092 1291 1496 1731 2047 2433
514 512 512 509 513 514 513 515 514 513 518 517 514 514 515 516 521 522 527 527 529 547 549 544 574 577 599 626 670 713 744 797 898 993 1047 1262 1466 1676 1947 2348 2873 3494 4192 5165 6324 8003 9798
516 514 513 516 511 518 520 516 530 520 530 535 538 542 549 563 573 590 629 626 673 718 741 812 901 981 1112 1257 1436 1675 2033 2439 2934 3560 4368 5296 6534 8185 10217 12703 16118 16383 16383 16383 16383 16383 16383
520 513 512 516 511 514 515 512 514 512 513 514 516 513 512 514 515 513 513 516 517 517 515 516 521 521 528 530 537 531 552 555 562 579 598 627 659 694 744 803 887 969 1092 1255 1396 1636 2003
511 510 511 514 515 515 514 514 515 517 514 519 514 519 522 527 525 525 531 532 530 550 559 573 588 601 626 664 689 765 804 897 979 1097 1227 1427 1701 2061 2405 2957 3600 4315 5322 6606 8246 10338 13043
511 512 512 512 515 508 510 510 512 515 513 514 512 513 512 515 515 521 524 517 524 535 526 532 541 553 548 562 588 589 602 637 692 740 787 819 890 1051 1194 1370 1539 1844 2209 2583 3152 3833 4842
510 514 513 514 511 514 511 511 514 515 516 515 513 515 517 519 520 522 521 529 532 532 542 553 564 571 593 623 635 647 681 736 779 875 979 1064 1280 1436 1759 2044 2376 2870 3481 4260 5337 6495 8060
512 514 512 513 506 514 511 510 511 513 515 515 515 514 517 512 513 514 520 516 524 518 527 529 534 532 535 539 554 567 568 593 605 640 651 700 730 802 848 908 996 1155 1343 1500 1734 1988 2350
512 512 511 513 513 510 514 514 512 514 512 515 510 512 514 517 513 517 518 520 517 522 530 522 535 540 535 553 555 570 583 607 657 647 700 748 826 926 994 1140 1314 1527 1723 1999 2456 2958 3627
518 514 512 514 515 524 513 513 512 513 518 512 516 513 513 515 519 520 523 519 523 527 530 537 538 537 556 564 587 594 608 640 676 719 783 863 969 1027 1166 1328 1617 1929 2263 2672 3162 3905 4820
511 515 514 511 511 512 511 513 512 513 515 512 513 514 512 516 510 513 513 514 512 511 513 512 513 517 514 517 518 517 518 517 523 524 521 532 539 543 552 561 583 590 623 613 656 719 766
510 513 510 509 513 510 515 508 513 514 511 512 512 510 510 516 514 513 516 513 511 516 514 515 518 522 524 526 534 533 533 553 548 565 580 605 635 648 699 713 793 850 947 1029 1176 1362 1641
514 511 511 511 512 513 517 512 512 514 513 512 511 511 512 509 513 514 516 514 511 516 514 513 516 516 522 525 528 529 532 536 548 558 576 580 595 614 639 676 720 779 889 933 1069 1238 1378
513 510 512 511 511 511 514 512 512 513 515 517 515 516 516 519 516 517 516 520 528 531 536 536 541 553 560 578 595 629 645 701 726 797 845 981 1097 1233 1427 1659 1883 2254 2713 3331 4049 4963 6079
513 516 513 513 512 515 512 515 512 517 513 516 516 519 521 525 526 525 525 540 533 552 572 572 593 601 623 648 711 741 800 906 999 1074 1275 1450 1634 2048 2396 2841 3548 4287 5210 6515 8109 10004 12707
514 514 516 512 514 511 512 514 513 515 513 515 514 511 514 514 517 516 515 519 524 527 522 529 535 538 547 553 565 583 592 634 661 694 730 791 869 929 1082 1205 1390 1624 1911 2305 2761 3329 4122
512 517 516 516 518 520 520 526 529 533 538 550 548 574 591 591 616 649 671 732 769 871 964 1057 1169 1373 1544 1850 2247 2642 3195 3952 4883 5923 7396 9044 11421 14252 16383 16383 16383 16383 16383 16383 16383 16383 16383
513 511 512 511 512 511 513 515 514 511 513 513 512 512 515 512 513 521 519 520 524 524 525 531 534 543 560 571 582 594 640 659 689 724 780 867 968 1086 1149 1399 1632 1847 2202 2712 3344 3998 4816
516 512 514 513 516 520 524 524 526 523 540 555 557 568 587 609 628 662 709 763 809 892 961 1083 1248 1373 1688 1921 2308 2776 3383 4185 5177 6253 7770 9695 12140 15060 16383 16383 16383 16383 16383 16383 16383 16383 16383
510 511 513 512 514 513 511 514 512 513 511 511 512 513 513 515 514 512 519 517 514 515 522 515 521 522 525 540 538 552 561 559 597 625 621 660 677 751 802 875 966 1065 1212 1398 1696 1962 2226
510 509 511 512 512 511 515 513 512 511 511 512 509 513 514 513 515 514 513 515 514 512 516 516 515 513 513 515 516 518 520 521 522 525 530 524 537 546 551 567 573 596 595 641 665 714 762
513 516 514 511 514 514 514 514 517 516 512 516 513 518 520 518 521 519 524 526 536 540 544 545 561 571 591 600 655 653 721 757 817 955 1023 1130 1309 1507 1775 2111 2546 2929 3646 4504 5458 6793 8519
511 511 514 512 509 510 512 511 515 511 509 513 518 513 514 512 511 516 517 513 518 520 525 524 529 532 537 538 555 553 565 577 613 639 670 706 765 812 882 1004 1099 1258 1485 1737 2061 2409 2908
511 514 513 513 513 513 508 516 516 511 514 513 504 512 511 513 514 512 512 512 515 514 509 511 511 517 516 516 518 521 521 517 524 529 540 541 546 545 570 580 586 612 639 678 720 783 844
510 511 511 513 512 513 511 512 511 515 513 514 513 511 513 513 514 515 515 515 511 512 513 514 515 513 517 517 524 522 531 528 532 534 547 561 555 568 601 619 647 684 714 773 818 916 1021
513 510 512 512 514 510 512 507 511 511 512 512 510 514 514 516 519 519 520 520 527 539 536 542 546 569 569 595 621 633 671 710 757 817 914 981 1100 1278 1488 1766 2047 2462 2958 3587 4387 5507 6730
511 512 514 515 512 516 512 511 513 512 513 517 513 515 514 518 519 523 531 525 531 531 537 542 562 570 580 599 620 650 704 730 765 863 940 1051 1194 1363 1602 1858 2181 2697 3253 3975 4808 6039 7515
513 510 515 513 512 517 516 517 519 519 521 521 523 523 526 537 530 539 550 569 580 611 622 647 691 721 775 841 950 1074 1204 1380 1568 1860 2202 2623 3251 3908 4850 5938 7436 9145 11494 14261 16383 16383 16383
514 511 511 512 511 520 518 516 514 516 519 521 528 534 529 536 538 554 553 573 591 611 634 669 703 785 829 875 1014 1172 1304 1549 1794 2167 2548 3073 3788 4583 5655 6986 8718 10859 13569 16383 16383 16383 16383
510 511 512 511 514 510 510 513 513 514 514 512 512 510 510 511 512 515 512 513 511 514 514 516 519 514 520 521 522 530 535 544 547 556 586 582 605 642 652 703 733 797 871 946 1110 1259 1468
515 512 514 511 511 515 509 516 514 517 514 514 519 515 513 521 518 519 528 526 539 537 540 541 557 563 577 605 633 653 682 727 799 867 934 1027 1202 1381 1609 1946 2185 2822 3253 4063 4955 6059 7627
515 514 515 512 514 514 514 512 514 516 518 517 518 513 516 525 527 525 531 538 543 545 552 581 591 603 629 661 693 751 819 907 992 1094 1267 1517 1733 2057 2480 2900 3535 4388 5294 6558 8079 10223 12579
510 512 512 513 513 510 516 511 512 510 513 512 511 512 514 514 515 518 519 527 531 525 537 548 555 553 557 575 600 616 649 687 726 761 826 930 1067 1148 1350 1549 1776 2196 2572 3200 3891 4796 5795
516 514 508 511 509 514 512 513 515 510 514 514 515 516 520 519 519 523 533 528 530 538 537 557 567 580 590 622 634 679 717 763 852 899 1086 1153 1305 1503 1874 2156 2633 3111 3755 4655 5719 7059 8781
520 519 521 521 530 533 534 549 553 567 576 595 608 624 672 699 793 811 910 1003 1171 1301 1507 1776 2068 2571 3058 3686 4580 5644 7013 8684 10541 13407 16383 16383 16383 16383 16383 16383 16383 16383 16383 16383 16383 16383 16383
511 515 511 510 512 511 511 509 511 509 514 513 515 519 510 512 512 514 514 516 515 514 518 520 518 522 528 526 523 529 534 539 541 561 577 585 598 631 637 693 729 784 870 965 1029 1210 1423
510 513 514 513 512 513 513 515 513 515 515 512 513 513 515 517 514 516 520 521 524 530 531 531 540 543 560 556 569 608 630 642 658 719 770 846 949 1034 1185 1356 1626 1878 2163 2677 3211 3859 4717
511 514 511 506 516 511 521 512 513 511 511 516 513 515 514 510 512 514 515 521 522 517 522 525 532 529 548 545 578 577 597 605 656 652 705 779 835 934 1017 1150 1321 1502 1805 2052 2553 3017 3661
514 510 513 510 512 512 511 510 511 513 515 516 516 514 519 520 519 516 527 524 534 532 534 553 550 553 579 589 626 656 693 714 780 857 956 1064 1196 1385 1535 1841 2209 2594 3121 3805 4660 5769 7295
519 519 512 523 523 531 533 536 537 547 554 557 583 597 607 643 675 725 791 855 938 1043 1189 1323 1508 1827 2157 2559 3102 3814 4649 5827 7264 8827 11061 13756 16383 16382 16383 16383 16382 16383 16383 16383 16383 16383 16383
520 515 512 514 511 515 516 514 516 516 515 518 522 523 522 533 533 541 545 551 564 575 593 616 657 678 690 775 893 962 1030 1146 1410 1561 1877 2194 2574 3177 3916 4766 5930 7354 9177 11342 14154 16383 16383
514 509 515 517 513 516 512 517 516 510 510 513 512 512 523 520 521 524 520 529 538 534 555 558 565 584 612 639 673 690 750 786 873 991 1099 1292 1441 1653 2009 2446 2862 3515 4271 5157 6484 8015 9900
511 514 502 510 514 513 515 513 512 514 511 513 509 513 513 514 512 513 510 513 515 515 511 517 521 517 523 523 521 526 523 536 543 554 561 564 593 598 609 650 678 721 788 833 965 1038 1254
515 512 513 514 516 510 515 516 516 513 513 517 515 522 515 516 522 521 527 522 530 533 541 548 554 564 587 615 611 655 689 738 810 857 990 1080 1230 1369 1635 1911 2246 2777 3260 4055 4969 6154 7565
512 515 511 511 510 511 512 515 512 513 513 514 513 516 514 518 515 521 516 519 523 518 527 525 530 533 542 551 560 595 617 618 646 690 747 786 885 975 1070 1205 1406 1611 1919 2391 2732 3322 4106
514 513 510 512 514 512 513 512 510 515 511 512 517 516 514 515 518 521 520 518 519 524 520 526 532 546 548 559 557 573 594 608 662 656 709 756 826 922 1003 1142 1320 1498 1772 2112 2576 3006 3733
512 510 511 514 514 509 509 511 510 512 510 510 510 514 511 511 512 511 512 514 514 512 512 516 517 514 518 522 521 526 525 539 535 539 550 560 575 602 598 648 663 698 770 834 960 1069 1145
513 513 513 515 520 514 514 516 520 522 519 519 522 534 529 541 536 554 556 583 588 609 631 671 679 755 830 911 1040 1130 1271 1500 1749 2122 2507 3030 3656 4544 5435 6838 8514 10609 13143 16383 16383 16383 16383
510 512 511 510 511 514 510 510 513 506 512 513 514 515 513 513 509 515 509 519 515 518 519 525 532 526 538 537 561 561 582 597 643 681 707 748 849 923 1057 1213 1395 1673 1960 2400 2850 3620 4556
516 510 513 510 515 512 512 512 511 513 516 512 519 515 519 518 514 522 525 530 532 528 548 536 568 573 590 610 645 654 689 780 827 906 982 1159 1310 1556 1769 2176 2561 3078 3726 4556 5607 6823 8680
514 514 513 512 514 514 511 514 511 513 513 513 512 515 518 515 518 519 516 517 524 530 525 529 528 541 541 550 559 573 596 603 620 668 712 772 820 938 1030 1158 1313 1522 1824 2079 2649 3143 3828
510 513 514 514 510 512 514 512 513 513 515 512 510 513 518 517 513 513 512 513 511 510 514 518 516 519 517 519 523 526 529 524 541 541 569 573 583 592 617 644 695 713 763 850 910 1031 1159
514 512 511 512 514 512 515 511 516 512 514 513 516 516 514 514 516 515 517 516 518 516 523 525 527 530 541 549 548 564 580 591 629 652 694 736 767 853 929 1040 1156 1385 1549 1944 2283 2684 3186
515 514 511 517 511 514 513 515 515 517 515 520 517 521 522 517 521 528 533 529 545 540 549 565 580 602 620 654 703 739 803 861 946 1113 1214 1449 1663 1979 2422 2866 3503 4286 5233 6457 8095 9937 12704
516 511 511 509 515 513 511 512 512 513 516 514 510 517 509 515 512 508 511 514 515 514 516 512 515 515 515 511 517 520 523 520 526 524 534 539 544 554 567 572 608 617 639 660 708 765 848
514 513 513 513 515 512 514 515 510 514 513 513 514 515 519 513 519 520 519 519 514 530 536 536 547 556 558 584 584 603 642 660 722 736 836 922 1063 1127 1323 1511 1823 2119 2480 3018 3650 4423 5631
515 516 512 510 513 512 512 515 512 512 516 515 516 518 520 518 518 515 525 526 524 526 545 543 549 573 592 592 611 654 697 726 778 871 956 1071 1224 1380 1630 1896 2213 2788 3286 4063 4895 6158 7568
514 512 513 514 516 516 514 511 514 510 510 514 517 513 514 516 512 519 517 525 527 530 539 551 552 561 568 588 605 629 645 690 706 780 879 978 1070 1229 1405 1650 1975 2301 2768 3367 4131 5167 6238
511 514 513 515 511 514 510 513 515 516 517 515 512 515 518 517 518 517 524 522 525 521 537 527 540 547 554 570 577 611 631 637 685 742 819 907 941 1142 1255 1497 1730 2059 2421 2891 3511 4276 5381
511 508 514 512 515 516 512 514 517 514 517 515 513 516 524 524 521 527 532 543 538 543 555 569 587 590 631 646 663 741 791 853 981 1058 1172 1340 1567 1846 2224 2641 3220 3829 4852 6002 7368 9088 11433
512 508 511 511 509 513 510 514 511 511 513 513 511 512 512 512 513 511 512 513 510 513 513 512 513 512 517 520 522 520 524 525 537 539 548 559 576 587 611 634 692 740 757 846 923 1025 1156
510 513 513 514 512 512 514 516 513 515 514 518 524 523 524 527 528 544 537 551 554 570 594 598 628 665 692 737 806 871 983 1065 1207 1471 1619 1935 2297 2776 3440 4157 5126 6237 7749 9607 12009 15015 16383
512 512 521 510 510 514 513 512 515 511 510 512 512 516 512 515 514 515 516 522 523 526 527 525 539 535 543 552 563 582 603 630 676 722 750 784 862 967 1087 1257 1497 1687 2026 2455 2889 3562 4268
511 511 515 512 512 512 512 512 515 513 512 512 514 516 513 515 512 516 518 522 521 524 524 524 528 528 540 552 555 590 589 600 622 661 708 754 799 886 986 1117 1259 1472 1737 2060 2424 2857 3568
514 512 513 509 512 508 513 512 510 510 514 513 514 511 514 512 512 517 517 521 519 525 519 526 530 547 538 554 561 580 599 631 664 693 714 814 863 953 1108 1210 1365 1592 1896 2258 2692 3205 3949
515 515 513 513 515 509 510 512 512 512 514 513 514 517 514 517 519 519 519 520 529 525 524 545 546 560 571 570 595 617 640 674 721 759 816 922 990 1135 1261 1562 1767 2112 2505 2997 3564 4525 5404
512 515 513 510 512 513 510 514 510 511 513 516 511 512 511 516 511 512 517 519 514 516 519 521 524 531 529 545 544 549 564 571 587 605 617 647 702 762 824 907 1001 1180 1274 1475 1762 2087 2453
508 510 511 513 512 514 515 516 511 512 514 515 514 519 518 522 518 519 526 528 528 538 539 545 554 570 600 599 624 654 696 733 811 903 955 1074 1290 1472 1800 1998 2386 2928 3585 4331 5362 6821 8354
509 515 513 513 513 515 513 511 512 513 513 516 514 515 515 515 518 521 525 524 526 535 538 545 540 557 569 584 608 632 666 709 760 811 871 973 1165 1276 1428 1771 2095 2572 3101 3895 4873 6038 7387
