# Matrice Z (50x55)
514 513 515 509 514 513 511 511 513 514 514 514 513 514 515 514 519 516 524 523 526 535 528 543 540 548 565 575 598 622 646 691 745 774 844 926 1085 1191 1416 1627 1880 2164 2724 3146 3804 5013 5817 7275 9054 11434 13095 16176 16365 16368 16366
510 511 511 514 509 511 512 510 515 510 514 509 510 509 513 515 510 510 514 514 513 516 516 512 515 517 517 524 522 521 525 526 532 546 554 559 573 586 605 635 673 694 758 840 900 988 1149 1281 1479 1766 2073 2428 2979 3620 4480
517 515 515 513 523 514 514 518 513 511 526 526 527 544 540 532 557 565 576 578 608 623 651 711 722 867 901 1018 1169 1278 1514 1776 2060 2472 2917 3758 4451 5422 6702 8388 10449 13000 16214 16383 16383 16383 16383 16383 16383 16383 16383 16383 16383 16383 16383
514 510 511 512 513 513 514 512 510 512 515 512 515 514 517 513 512 517 514 515 521 519 521 524 535 529 542 537 559 562 587 600 601 662 663 701 768 826 897 1018 1201 1367 1545 1813 2093 2577 3168 3813 4860 5866 7431 8972 11194 13936 16383
513 514 514 509 512 513 509 512 515 513 511 512 510 514 514 509 510 511 515 510 512 515 513 517 516 515 516 514 516 521 519 518 521 526 535 537 543 551 564 570 576 611 626 646 692 744 835 908 1007 1115 1215 1446 1645 1964 2395
514 511 507 512 510 515 510 510 516 511 516 515 514 509 519 517 519 515 519 519 528 526 526 533 541 537 540 562 581 599 609 644 655 729 763 835 927 1007 1134 1313 1527 1780 2180 2579 3013 3721 4481 5647 6934 8505 10847 13391 16382 16383 16383
515 517 512 515 515 513 514 517 520 518 520 526 526 525 535 537 539 559 563 583 595 607 635 675 697 734 814 895 972 1088 1293 1493 1753 2049 2492 2944 3542 4463 5433 6641 8337 10089 12878 15957 16376 16375 16373 16383 16366 16362 16356 16353 16352 16383 16353
516 514 510 513 514 514 515 512 513 512 515 512 514 514 516 518 518 520 518 524 527 527 530 532 538 539 555 560 572 590 598 610 666 695 722 796 846 921 1034 1176 1273 1405 1600 1864 2128 2356 2724 3164 3709 4260 4906 5619 6543 7720 9533
523 515 522 522 532 530 534 541 540 549 550 560 590 586 636 650 701 731 802 902 979 1099 1211 1425 1657 1919 2373 2827 3487 4181 5141 6439 7810 9754 12247 15173 16371 16372 16375 16370 16367 16367 16368 16383 16367 16368 16368 16383 16367 16368 16368 16368 16367 16383 16368
513 513 514 509 514 512 510 513 512 511 513 514 514 514 512 518 517 519 523 522 520 527 529 529 539 539 550 555 572 594 599 610 653 724 736 798 911 970 1110 1228 1468 1751 2047 2443 2877 3577 4257 5408 6582 8305 10252 12549 15550 16383 16383
514 513 526 510 510 512 512 514 516 512 512 514 517 514 515 513 513 517 513 517 518 518 501 526 528 534 533 517 547 565 575 572 599 626 664 705 745 798 872 983 1103 1251 1438 1645 1944 2398 2891 3507 4102 5013 6293 7621 9540 11766 14752
513 513 516 510 515 515 514 513 516 514 518 519 518 524 525 524 529 530 532 540 545 553 582 571 588 607 642 687 741 774 852 968 1036 1206 1398 1625 1858 2275 2645 3244 4058 4886 6011 7482 9320 11498 14468 16383 16383 16383 16383 16383 16383 16383 16383
516 513 514 510 510 514 516 514 512 512 511 510 513 511 513 513 514 514 514 513 514 513 515 508 519 520 521 526 525 530 537 546 549 559 579 582 598 600 645 682 714 746 852 936 1001 1152 1319 1493 1754 2068 2444 3129 3919 5077 7118
514 509 514 511 510 512 511 513 511 515 509 514 513 513 514 514 512 510 513 514 517 511 511 515 517 519 519 526 524 526 535 541 554 554 568 580 611 623 652 686 702 774 864 940 1041 1193 1330 1563 1844 2230 2649 3359 3995 4864 6055
513 513 515 511 517 513 512 514 512 517 514 515 516 518 523 528 528 521 534 552 551 565 576 592 601 644 658 721 745 810 899 1029 1141 1345 1494 1778 2065 2540 3061 3646 4415 5481 6869 8362 10592 13095 16383 16383 16383 16383 16383 16383 16382 16383 16383
513 510 510 514 512 511 515 514 513 513 515 512 515 510 515 510 512 517 517 516 518 516 517 519 527 529 532 532 534 545 550 560 578 597 621 653 670 748 792 888 983 1073 1301 1445 1788 2110 2546 3127 4044 5151 6958 9215 12718 16383 16381
511 513 512 510 514 515 514 515 517 520 523 521 522 522 531 539 539 546 558 565 578 599 615 660 706 739 818 876 938 1083 1238 1370 1724 2041 2440 2967 3460 4263 5233 6394 7919 9684 12205 15481 16383 16383 16383 16383 16383 16383 16383 16383 16383 16383 16383
514 511 513 510 514 515 511 515 516 515 512 514 515 518 514 518 526 520 531 535 541 550 544 556 570 595 602 633 689 726 745 823 919 980 1162 1338 1546 1781 2149 2443 3081 3745 4544 5643 7010 8744 10779 13564 16382 16383 16383 16383 16382 16383 16383
513 509 511 510 513 512 513 513 514 511 514 512 511 514 510 512 517 515 519 513 517 519 519 523 525 521 522 532 526 545 558 575 583 602 625 656 713 730 779 905 939 1094 1238 1444 1636 1923 2327 2831 3389 4188 5061 6332 7830 9660 12111
510 511 511 509 511 515 510 514 509 512 512 511 514 512 509 515 512 513 509 513 517 514 517 523 522 524 529 539 532 541 548 568 572 599 608 639 687 719 780 830 931 1039 1154 1312 1562 1834 2133 2553 3164 3797 4617 5729 7111 8723 10802
510 513 515 513 513 511 508 513 513 515 511 512 511 513 509 513 509 511 515 512 512 513 515 516 515 512 517 520 518 521 521 530 527 538 551 548 566 578 591 610 640 680 723 780 839 947 1066 1198 1403 1598 1870 2207 2734 3254 3955
516 512 515 520 518 518 517 523 519 526 529 532 531 552 553 567 584 593 614 651 693 741 770 858 941 1045 1199 1374 1586 1910 2330 2696 3244 4093 4924 6162 7370 9287 11707 14566 16382 16382 16383 16383 16382 16383 16383 16383 16382 16383 16383 16383 16382 16383 16383
512 514 513 513 513 512 511 514 514 516 516 516 513 517 514 518 521 527 528 531 543 545 558 568 578 610 619 638 670 729 758 843 907 1017 1142 1372 1614 1845 2203 2698 3147 3880 4743 5832 7252 8937 11140 13902 16382 16383 16382 16377 16371 16383 16372
515 510 512 511 510 514 513 514 513 515 514 514 514 518 518 518 519 525 523 525 534 530 547 555 568 585 597 598 646 674 732 789 846 917 1032 1159 1316 1536 1841 2144 2521 3073 3783 4720 5732 7079 8819 10875 13450 16383 16383 16383 16382 16383 16383
513 513 510 514 510 511 511 511 511 515 514 513 514 514 513 514 517 517 522 519 517 519 530 526 544 531 550 557 559 571 606 623 649 686 720 781 850 920 1047 1181 1332 1540 1844 2145 2635 3156 3853 4753 5706 7163 8945 11338 14225 16383 16383
511 511 517 514 513 513 513 513 516 518 520 513 519 521 518 520 525 524 534 536 547 561 565 575 590 630 640 688 717 796 858 926 1035 1181 1327 1581 1832 2203 2693 3173 3822 4609 5694 7112 8804 11136 13753 16383 16383 16383 16383 16383 16383 16383 16383
511 511 514 511 514 514 513 514 516 516 515 514 517 518 518 517 523 522 525 526 537 538 538 552 560 563 579 617 645 673 694 743 835 915 969 1119 1254 1493 1747 2049 2406 2937 3492 4355 5304 6586 8237 10134 12772 14756 16367 16367 16365 16368 16367
510 511 510 512 514 512 509 514 514 512 511 516 513 514 512 515 514 516 521 521 525 528 532 531 538 554 545 554 585 610 629 632 702 721 779 898 980 1071 1192 1403 1587 1983 2273 2813 3341 4220 5123 6229 7893 9526 12007 15127 16372 16383 16373
512 513 512 513 514 514 516 511 512 508 517 513 514 514 516 513 516 520 524 520 524 524 528 530 552 558 565 575 581 592 623 632 676 748 781 833 926 1063 1218 1402 1594 1797 2177 2622 3180 3963 4788 5842 7192 8996 11090 13884 16383 16383 16383
513 513 511 514 512 513 511 512 512 514 512 513 515 515 518 515 519 519 524 524 527 531 541 538 550 554 594 590 593 631 670 717 729 819 888 954 1124 1285 1470 1652 1977 2411 2924 3523 4288 5305 6547 7908 9890 12514 16044 16376 16374 16383 16368
509 511 512 511 515 516 514 515 517 514 516 512 522 520 527 526 536 544 545 555 568 594 606 616 646 688 741 809 887 974 1108 1248 1405 1659 1934 2378 2827 3310 4201 5063 6387 7731 9588 12115 15078 16382 16383 16383 16382 16383 16383 16383 16382 16383 16383
514 510 510 511 516 513 513 511 512 512 515 512 519 515 516 515 514 517 521 519 525 531 533 533 545 553 563 563 577 594 601 655 679 701 787 840 923 1019 1170 1327 1531 1811 2240 2498 2978 3759 4595 5756 7150 8637 10883 13520 16383 16383 16383
530 515 516 499 510 522 525 518 515 500 525 512 499 516 512 529 519 514 530 526 530 550 528 539 567 558 569 592 628 639 653 720 754 812 862 949 1109 1203 1432 1654 1953 2284 2776 3356 4105 4921 6073 7589 9466 10660 13453 16383 16382 16383 16383
509 512 512 513 513 511 512 513 512 515 512 513 511 511 511 513 513 512 518 519 519 524 523 526 522 538 545 547 559 555 586 593 609 644 690 743 775 889 960 1117 1250 1409 1654 1954 2321 2757 3367 4108 5044 6221 7825 9540 11897 14847 16383
511 514 511 513 511 512 511 510 512 514 511 514 510 511 515 515 515 518 518 519 522 520 526 529 533 539 548 553 566 592 595 626 638 670 741 825 878 976 1102 1207 1403 1660 1916 2293 2775 3372 4085 5047 6192 7693 9461 11740 14677 16383 16383
513 513 512 507 513 511 513 510 512 518 514 512 515 514 511 510 512 514 514 515 515 513 515 513 512 513 517 521 522 517 521 526 526 530 536 537 546 556 581 576 602 620 652 689 725 810 858 989 1087 1242 1466 1655 1921 2313 2817
513 511 513 512 513 510 515 511 516 511 513 516 515 515 513 512 514 516 513 516 513 514 518 520 520 516 526 525 527 534 535 544 555 570 570 608 628 634 671 720 753 886 948 1054 1186 1386 1639 1888 2284 2696 3237 3983 4814 5951 7395
513 513 512 512 513 511 514 514 514 515 516 510 513 511 514 520 516 518 518 522 527 529 539 540 543 557 579 584 595 596 665 696 759 794 857 963 1113 1302 1476 1676 1980 2425 2873 3531 4365 5217 6708 8151 10111 12493 15683 16383 16381 16383 16382
526 517 515 524 528 538 541 545 561 566 593 589 627 658 689 780 823 876 976 1107 1230 1371 1656 2042 2373 2870 3533 4203 5268 6565 8006 9868 12421 15400 16383 16383 16383 16383 16383 16383 16383 16383 16383 16383 16383 16383 16383 16383 16383 16383 16383 16383 16383 16383 16383
514 511 514 513 513 513 512 515 511 514 517 515 511 513 513 513 514 518 516 519 517 521 521 520 529 531 537 545 547 561 583 589 602 650 672 712 752 855 913 1036 1142 1330 1563 1799 2173 2604 3099 3812 4645 5759 7082 8881 10922 13324 15998
513 515 511 511 515 511 514 513 511 515 512 514 515 514 515 515 517 516 518 521 530 526 537 540 546 551 572 579 594 603 651 693 746 794 883 956 1026 1194 1414 1585 1897 2265 2742 3308 3947 5005 6038 7627 9387 11373 14124 16383 16383 16383 16383
512 515 512 511 513 510 515 516 513 514 516 515 512 517 519 514 523 519 519 525 523 531 535 542 555 554 572 580 601 609 661 699 757 807 875 946 1083 1223 1423 1671 1968 2355 2820 3461 4236 5119 6408 7738 9787 11938 14982 16383 16383 16383 16383
515 513 511 514 509 517 513 510 515 511 513 512 515 513 519 515 517 523 524 525 529 534 536 544 555 566 581 591 596 651 666 707 735 807 924 973 1185 1263 1539 1756 2073 2494 3002 3615 4436 5548 6928 8198 10564 13270 16264 16383 16382 16383 16383
511 510 509 514 512 510 512 513 512 511 511 513 513 514 517 512 518 517 515 521 523 531 528 531 542 548 571 568 593 603 627 674 714 743 796 912 989 1096 1291 1514 1725 2026 2442 2971 3598 4358 5441 6552 8220 10244 12664 15939 16382 16383 16382
510 512 509 510 511 514 511 512 511 514 511 514 510 516 515 516 515 515 515 521 528 527 532 535 540 551 547 569 587 608 640 650 703 746 781 869 943 1101 1251 1404 1650 2033 2374 2879 3381 4206 5136 6437 7788 9749 12185 15064 16379 16383 16375
514 511 513 515 513 512 516 515 519 517 518 521 520 524 529 531 541 541 562 577 592 601 632 651 699 756 831 910 987 1120 1279 1502 1732 2062 2500 2911 3600 4478 5499 6699 8214 10489 12872 16172 16383 16367 16367 16367 16366 16367 16367 16367 16365 16368 16367
511 512 509 510 513 512 512 513 513 516 514 515 522 517 517 522 522 521 527 528 540 542 551 566 587 605 645 673 701 778 778 908 989 1115 1313 1457 1757 2049 2420 2930 3519 4151 4906 6021 7281 8910 10893 13039 15710 16383 16383 16383 16383 16383 16383
515 512 510 515 511 512 515 515 513 513 514 513 514 512 517 520 517 513 515 518 518 533 535 534 549 551 569 578 591 605 637 685 707 754 826 935 953 1112 1304 1480 1753 2037 2477 3042 3629 4540 5568 6722 8299 10217 12836 15823 16383 16383 16383
511 513 510 511 511 513 512 515 511 514 512 514 516 514 512 517 517 516 520 521 519 520 526 536 536 541 559 562 573 608 606 612 674 712 775 849 908 1035 1170 1352 1522 1837 2187 2576 3163 3849 4707 5846 7170 8926 11058 13684 16383 16383 16383
511 512 514 512 511 514 510 511 514 515 510 514 511 514 517 512 516 515 515 516 517 520 518 517 524 529 528 535 542 543 560 575 597 595 638 655 689 737 786 839 941 1079 1201 1388 1622 1860 2246 2687 3241 3974 4891 6071 7665 9317 11521
