# Matrice Z (100x45)
513 515 510 516 503 515 509 513 516 514 517 517 519 515 520 521 518 525 521 525 534 534 549 548 555 580 597 616 615 677 714 764 841 935 1051 1159 1361 1609 1799 2201 2587 3151 3905 4686 5766
513 516 520 527 520 526 521 532 527 537 541 551 565 570 597 622 655 681 735 767 843 935 1027 1198 1359 1574 1816 2206 2666 3136 3831 4809 5826 7151 9137 11287 14125 16382 16382 16382 16383 16383 16383 16383 16383
517 521 513 518 515 521 520 522 521 530 532 533 549 545 555 564 586 593 627 634 698 767 774 845 966 1050 1261 1447 1673 1928 2248 2694 3228 3970 5064 6023 7644 9480 11789 14662 16323 16321 16304 16284 16262
516 517 517 517 520 516 517 518 517 532 529 530 540 547 554 575 581 580 637 631 683 738 795 851 940 1011 1229 1444 1652 1949 2251 2827 3298 4009 4993 6045 7616 9564 11932 14863 16383 16383 16383 16382 16383
512 511 518 512 510 521 519 515 516 523 523 524 528 537 535 541 551 560 573 593 602 635 681 680 733 841 916 1041 1131 1375 1568 1771 2091 2563 3158 3683 4559 5817 6907 8607 10819 13682 16383 16383 16383
511 517 512 513 514 512 513 514 517 517 513 515 517 519 526 529 531 528 535 550 575 549 574 592 606 640 646 719 743 859 952 1028 1156 1313 1531 1793 2132 2562 3084 3694 4521 5540 6927 8527 10816
522 513 517 515 516 513 513 516 512 513 512 522 515 522 523 523 519 530 536 531 554 556 560 565 587 616 646 698 713 786 846 948 1022 1169 1322 1603 1807 2243 2673 3212 4049 4792 5894 7420 9011
514 511 516 519 512 511 518 515 518 520 523 531 522 518 531 533 548 555 558 590 594 606 639 677 718 754 867 909 1008 1112 1278 1473 1749 2054 2509 2984 3563 4305 5367 6631 8105 10187 12582 15609 16383
513 513 513 512 516 510 514 512 516 512 518 513 522 523 531 528 533 532 538 547 555 559 582 599 610 644 687 764 774 891 955 1046 1154 1348 1592 1818 2254 2626 3283 3858 4861 5767 7294 8958 11380
514 516 512 514 514 513 514 518 513 528 521 519 531 537 536 541 545 562 564 591 619 642 678 677 749 792 893 1008 1049 1229 1385 1710 1961 2341 2808 3361 4189 5032 6178 7748 9475 11745 15030 16383 16383
524 530 534 537 539 547 561 580 594 608 652 672 717 767 869 935 1018 1165 1340 1602 1870 2235 2646 3180 3876 4836 6002 7265 9066 11193 14103 16383 16383 16383 16383 16383 16383 16383 16383 16383 16383 16383 16383 16383 16383
512 511 512 515 516 514 515 521 520 519 519 523 530 530 535 533 555 560 569 577 608 626 662 715 741 795 897 989 1087 1307 1445 1772 2064 2383 2811 3610 4378 5322 6634 7994 10162 12531 15921 16383 16383
515 508 511 511 513 514 513 517 518 514 515 511 518 520 521 529 522 523 537 534 541 563 582 584 599 640 666 705 767 816 908 998 1187 1294 1480 1718 2057 2515 2970 3657 4402 5473 6893 8312 10254
514 513 513 512 515 517 516 517 515 515 518 522 528 534 532 533 534 549 555 556 566 588 602 644 661 716 792 844 947 1056 1140 1312 1546 1795 2172 2588 3132 3900 4583 5843 7179 8999 11822 14705 16366
513 515 510 504 509 516 518 513 513 517 513 514 531 520 512 531 526 524 526 540 536 559 564 586 576 602 626 652 740 739 825 911 979 1096 1306 1531 1822 2150 2487 3040 3587 4565 5502 6882 8580
513 511 512 518 516 518 515 517 520 521 517 521 525 529 527 535 553 558 562 571 592 632 643 695 776 798 857 959 1126 1227 1484 1634 2079 2384 2870 3480 4331 5277 6576 8101 10215 12575 15756 16383 16383
534 538 540 548 551 570 565 591 606 638 654 698 786 825 876 973 1161 1278 1465 1713 2077 2420 2970 3666 4388 5407 6722 8429 10452 12958 16183 16382 16383 16382 16382 16382 16382 16382 16382 16382 16383 16383 16383 16382 16382
514 515 508 514 518 513 514 517 520 518 521 525 529 534 537 546 556 569 585 584 625 638 678 717 785 885 922 1050 1178 1345 1587 1845 2200 2621 3216 3947 4789 5770 7267 8956 11186 13993 16376 16380 16380
529 528 531 541 556 548 554 567 603 608 647 675 743 762 857 902 1016 1175 1346 1559 1807 2146 2569 3064 3731 4532 5570 7025 8635 10724 13071 16383 16383 16383 16383 16383 16383 16383 16383 16383 16383 16383 16383 16383 16383
514 518 513 512 515 515 517 516 518 521 513 520 529 526 534 531 550 549 552 581 593 606 646 666 718 774 796 926 1029 1148 1346 1507 1862 2206 2518 2996 3772 4682 5824 7050 8677 10808 13705 16382 16382
510 516 513 515 515 520 516 518 515 515 515 518 520 530 531 528 536 540 548 567 567 574 599 608 654 689 724 774 873 963 1131 1293 1422 1660 1987 2334 2722 3381 4247 5201 6357 7761 9721 12243 15026
509 514 513 511 511 516 516 520 512 513 518 520 521 522 522 526 536 534 541 540 552 563 562 592 632 641 668 720 781 866 917 1058 1226 1364 1522 1842 2267 2609 3207 3838 4836 6005 7255 9097 11344
512 519 522 522 526 533 531 538 536 553 571 587 607 619 643 682 760 798 825 955 1058 1245 1372 1596 1823 2189 2731 3283 4080 4867 6044 7628 9230 11585 14341 16383 16383 16383 16383 16383 16383 16383 16383 16383 16383
513 512 512 513 511 515 512 515 512 518 517 517 517 516 518 520 514 528 532 528 542 558 558 568 580 595 620 643 681 721 815 845 934 1014 1203 1383 1540 1858 2214 2631 3211 3899 4818 5917 7319
514 512 516 512 515 510 519 517 517 516 510 517 514 521 530 518 535 523 528 537 544 557 566 585 593 616 641 669 730 793 859 943 1069 1176 1433 1635 1880 2280 2741 3261 3942 5091 5976 7602 9343
513 513 520 521 518 528 528 537 539 532 541 554 581 594 622 640 652 682 719 795 871 932 1069 1225 1460 1621 1932 2291 2721 3389 4002 5138 6167 7635 9645 11897 15140 16382 16382 16382 16383 16383 16383 16383 16383
516 515 524 522 528 531 541 542 552 563 569 583 609 627 666 721 749 806 877 982 1147 1295 1443 1713 2020 2452 2940 3544 4365 5389 6584 8265 10188 12724 15597 16382 16382 16382 16382 16381 16383 16383 16382 16382 16382
509 519 512 518 521 515 521 519 520 522 518 525 538 530 537 553 566 573 593 603 643 684 731 768 858 915 1073 1200 1328 1573 1935 2174 2717 3264 4052 4917 6093 7330 9372 11458 14288 16383 16383 16383 16383
525 529 537 538 548 562 572 588 594 644 664 696 752 848 884 1007 1122 1258 1516 1816 2021 2497 3076 3631 4523 5521 6725 8470 10362 13234 16383 16382 16383 16382 16382 16382 16382 16382 16382 16382 16383 16383 16383 16382 16382
512 512 516 510 515 515 516 513 513 520 515 522 525 524 537 533 538 555 563 568 591 593 611 659 709 740 810 867 1004 1108 1244 1516 1644 1976 2388 2895 3424 4304 5224 6487 8077 10142 13075 13277 16365
515 516 508 520 515 513 513 507 519 516 523 523 520 524 527 533 535 546 564 565 555 595 617 640 669 720 790 848 959 1066 1165 1353 1568 1800 2187 2690 3134 3807 4720 5890 7333 9021 11131 13937 16383
517 514 516 511 513 515 516 515 518 516 520 529 516 525 526 532 540 551 552 563 565 581 606 627 666 717 742 826 903 1004 1135 1250 1525 1728 2091 2435 2957 3701 4437 5436 6676 8374 10430 12825 16120
516 513 516 516 513 516 517 514 519 526 521 522 529 533 531 552 567 554 592 596 616 658 709 733 832 887 966 1045 1230 1411 1702 1953 2369 2828 3437 4227 5186 6374 7924 9767 12268 15206 16383 16383 16383
515 513 512 519 517 520 516 522 521 522 532 532 540 545 565 575 590 604 630 681 686 771 811 876 964 1133 1281 1454 1788 1962 2483 3006 3637 4476 5642 6878 8758 10586 13563 16383 16383 16383 16383 16383 16383
510 515 520 522 528 524 532 540 546 547 557 572 592 615 644 674 709 791 812 954 1038 1142 1311 1550 1834 2177 2657 3093 3823 4592 5708 7210 8873 11161 13765 16298 16290 16280 16259 16232 16221 16221 16221 16221 16221
511 513 511 513 513 514 510 513 518 518 516 519 524 520 526 532 528 536 534 556 571 586 586 635 638 699 732 827 860 964 1118 1324 1453 1682 1908 2264 2890 3385 4102 5045 6316 7766 9755 11981 15039
511 516 512 513 510 509 513 514 517 513 514 515 522 525 523 533 526 538 548 563 558 581 594 617 641 679 707 773 865 928 1018 1142 1332 1504 1763 2068 2517 3035 3627 4507 5570 6868 8378 10339 13043
506 515 513 514 517 515 511 516 515 513 515 516 521 515 528 524 524 534 552 553 575 585 592 618 629 670 718 756 849 902 1019 1188 1369 1516 1829 2156 2686 3156 3799 4567 5823 7000 8830 10754 13574
511 512 514 519 512 515 517 523 530 528 538 530 548 554 559 579 576 586 650 680 729 764 840 949 1065 1148 1304 1604 1863 2196 2593 3096 3817 4823 5779 7283 8999 11121 13848 16382 16383 16383 16383 16383 16383
512 509 509 511 515 514 511 515 518 519 515 514 516 518 520 523 522 535 531 533 552 556 557 580 606 622 657 671 725 777 871 948 1060 1191 1393 1607 1883 2238 2764 3288 4025 5055 6203 7481 9196
510 510 518 512 518 511 512 514 521 512 517 519 520 527 533 531 539 549 555 572 591 614 625 657 710 728 783 862 1004 1094 1238 1436 1746 1940 2391 2909 3459 4247 5228 6339 7884 9736 12193 15435 16383
513 512 515 511 510 513 510 506 511 511 512 515 514 515 515 517 518 521 526 529 531 546 553 569 551 582 606 638 657 692 709 802 852 955 1067 1205 1406 1619 1903 2264 2686 3273 4074 4963 6015
516 518 520 524 531 532 534 545 545 556 567 586 597 615 647 687 742 782 908 974 1123 1237 1483 1667 1968 2348 2790 3609 4234 5331 6616 8048 10291 12739 15918 16383 16383 16383 16380 16377 16378 16378 16378 16377 16377
517 515 518 517 524 520 522 523 531 520 544 548 553 559 587 596 625 627 674 706 780 849 913 996 1192 1383 1584 1840 2213 2642 3240 3927 4800 5809 7313 9029 11349 14017 16383 16383 16383 16383 16383 16383 16383
516 515 518 513 512 523 526 522 526 526 532 541 553 562 575 591 617 634 657 700 774 826 935 1004 1157 1273 1538 1783 2065 2500 2963 3623 4500 5612 6768 8325 10381 13019 16286 16383 16383 16383 16383 16383 16383
510 513 514 513 519 517 519 509 511 523 527 525 533 544 542 556 573 599 594 625 666 694 751 805 849 1015 1086 1329 1467 1691 1954 2407 2847 3492 4317 5268 6513 8210 10223 12569 15723 16383 16383 16383 16383
518 517 514 517 517 518 517 528 520 535 529 546 550 559 560 570 579 606 621 664 698 761 787 878 968 1102 1230 1410 1682 1995 2407 2769 3449 4261 5191 6223 7996 9924 12164 15434 16383 16383 16383 16383 16383
512 510 511 516 516 515 512 512 517 512 515 518 515 522 524 526 532 530 537 549 550 560 570 583 636 642 680 710 749 833 889 977 1137 1286 1507 1773 2103 2447 3036 3569 4369 5454 6840 8355 10484
515 512 510 519 518 516 524 516 511 519 525 532 526 541 535 549 554 565 564 585 597 638 695 732 779 857 904 1036 1220 1401 1591 1847 2205 2656 3297 3917 4754 6000 7370 9143 11464 14321 16305 16295 16282
514 512 516 507 513 517 522 512 518 516 518 523 521 521 536 532 538 544 548 558 567 587 590 638 654 715 761 820 925 1005 1182 1267 1596 1733 2075 2498 3065 3640 4552 5601 6806 8602 10633 13260 16383
511 526 518 516 518 519 514 519 513 516 522 526 522 523 524 539 545 548 558 559 571 597 614 660 702 735 780 871 928 1089 1232 1426 1674 1961 2316 2757 3361 4028 4948 6156 7604 9434 11876 14896 16383
511 512 514 510 510 512 515 512 515 514 512 513 514 517 524 518 525 521 538 536 537 544 558 573 570 599 626 652 681 723 793 857 930 1067 1214 1454 1621 1894 2308 2726 3394 4160 4942 6112 7562
509 512 513 516 511 516 518 516 513 520 521 522 525 532 532 536 542 549 558 567 596 621 643 657 695 755 843 882 990 1113 1288 1465 1809 2131 2620 3025 3785 4648 5728 7118 8890 11075 13583 16382 16383
532 508 509 516 531 531 533 509 515 520 524 529 546 547 513 544 563 560 577 566 621 638 702 730 724 813 878 982 1087 1261 1412 1653 1927 2319 2880 3451 4081 5059 6276 7823 9674 12055 15119 16383 16383
515 515 520 520 518 514 517 521 514 530 529 530 529 537 547 562 566 588 597 605 664 690 761 781 865 974 1081 1271 1461 1726 1994 2344 2884 3515 4239 5298 6436 8085 10117 12385 15648 16383 16383 16383 16383
511 513 517 513 512 512 518 511 518 518 524 517 528 525 537 539 538 552 553 579 578 605 623 662 705 767 794 885 1030 1140 1278 1476 1685 2103 2387 2993 3481 4411 5322 6634 8250 10270 12981 15851 16375
512 520 514 522 527 525 533 545 542 557 574 573 605 612 639 662 707 774 838 917 1020 1160 1311 1558 1824 2025 2470 3009 3708 4588 5485 6927 8465 10660 13382 16383 16383 16383 16383 16383 16383 16383 16383 16383 16383
515 512 508 516 516 517 516 522 518 517 526 532 532 535 546 542 559 556 585 601 611 622 678 718 782 839 953 1029 1225 1354 1610 1857 2146 2685 3267 3933 4841 6123 7370 8963 11471 14381 16380 16382 16381
515 510 509 511 515 515 519 513 516 512 515 515 519 520 515 523 519 527 528 536 544 540 544 563 570 616 618 652 671 718 781 834 936 1002 1222 1341 1601 1882 2233 2559 3270 3843 4752 5857 7190
512 514 513 516 515 514 513 514 513 517 521 515 523 526 532 525 537 530 545 552 565 594 610 611 657 680 744 796 893 990 1095 1290 1434 1669 2007 2440 2857 3456 4181 5229 6452 8114 10011 12446 15664
513 514 516 514 513 519 515 521 517 521 519 525 522 525 536 523 546 565 569 579 603 628 679 697 750 812 919 1004 1126 1303 1462 1753 2080 2475 2961 3611 4331 5559 6776 8509 10458 12992 16080 16383 16383
520 512 510 512 508 513 515 514 516 522 518 521 523 532 527 533 545 536 557 567 587 610 615 629 668 719 777 857 998 1072 1189 1407 1625 1841 2186 2636 3251 3857 4882 5746 7323 9059 11249 14147 16383
514 518 510 509 511 514 514 515 516 507 518 522 517 520 522 514 527 527 534 529 536 547 559 569 593 605 621 649 684 723 798 869 941 1029 1227 1384 1657 1997 2402 2760 3415 4123 4975 6166 7787
514 512 514 515 514 519 518 519 518 518 523 527 518 525 526 532 548 548 554 583 590 619 626 653 683 728 806 884 976 1055 1244 1413 1656 1966 2355 2751 3387 4030 5035 6224 7865 9533 11199 13862 16180
512 510 515 516 514 510 513 515 521 518 521 526 521 528 537 538 553 557 565 599 596 631 676 717 743 828 905 1029 1134 1280 1456 1689 2069 2369 2982 3630 4320 5298 6571 8260 10287 12599 15989 16383 16383
513 515 516 518 519 517 520 528 524 533 540 551 552 551 562 594 613 656 680 730 780 817 935 1026 1171 1340 1599 1828 2185 2651 3266 3859 4847 6153 7538 9206 11538 14526 16382 16381 16383 16383 16382 16382 16382
511 513 513 511 513 516 516 516 518 516 509 511 514 519 518 520 526 524 531 539 539 540 549 565 574 609 635 641 690 748 800 848 921 1038 1161 1317 1600 1813 2181 2675 3246 3900 4858 6000 7306
517 513 513 512 514 516 517 514 512 518 516 521 518 521 513 521 524 529 535 535 544 550 571 582 589 615 613 674 749 750 848 918 997 1158 1339 1546 1761 2194 2571 3126 3800 4588 5688 7099 8910
513 515 514 520 516 517 516 515 518 523 525 516 525 530 539 540 535 548 576 588 614 643 655 698 756 807 876 1013 1094 1293 1480 1731 2017 2439 2942 3536 4346 5237 6572 7985 10101 12610 15891 16383 16383
515 514 516 514 512 519 527 525 520 530 533 539 557 555 571 581 616 636 643 679 740 801 863 983 1069 1259 1402 1693 1983 2313 2785 3494 4224 5105 6443 7745 9846 12300 15161 16383 16383 16383 16383 16383 16383
506 514 513 514 515 517 515 520 514 516 522 523 528 532 534 535 559 545 570 572 575 622 635 676 714 821 825 931 997 1143 1289 1487 1811 2072 2590 3084 3723 4547 5548 6722 8478 10667 13519 16383 16383
517 513 524 516 518 515 518 517 518 527 529 532 530 541 547 556 557 579 597 635 633 668 716 752 834 933 986 1143 1385 1546 1792 2160 2501 3047 3722 4557 5701 7121 8725 10869 13505 16383 16383 16383 16383
510 514 505 513 509 515 510 510 511 511 514 510 510 513 519 516 514 525 521 521 526 526 531 528 540 553 559 573 583 647 640 691 729 788 840 949 1014 1156 1334 1596 1913 2305 2608 3183 3884
516 522 521 524 520 527 529 538 546 561 563 572 605 643 687 725 716 802 894 1000 1095 1251 1408 1651 2009 2365 2827 3353 4207 5162 6140 7893 9782 12344 15392 16383 16383 16383 16383 16383 16383 16383 16383 16383 16383
506 513 516 516 515 513 518 519 515 523 522 521 521 531 530 540 543 550 551 570 566 619 635 670 708 741 803 882 1024 1141 1284 1494 1744 2029 2481 2915 3570 4269 5221 6602 8115 10330 13112 15869 16383
513 515 518 511 517 515 513 517 521 516 516 524 528 526 536 535 539 550 576 580 580 602 647 679 728 757 850 910 1037 1171 1303 1603 1818 2142 2604 3109 3812 4597 5752 7173 8726 11055 13877 16383 16383
513 519 513 517 529 516 526 522 522 537 531 539 550 556 573 586 612 608 639 690 731 781 868 943 1064 1189 1389 1632 1914 2261 2650 3390 4078 5000 6181 7680 9409 11965 14708 16383 16383 16383 16383 16383 16383
512 515 515 517 518 516 514 517 517 515 522 524 524 535 535 533 547 566 571 572 605 615 655 673 738 840 899 964 1104 1240 1500 1703 1956 2432 2895 3507 4292 5244 6439 8038 10111 12448 15751 16383 16383
513 513 513 511 517 517 512 515 519 513 514 516 518 522 523 530 534 540 545 542 569 555 582 592 616 646 666 743 784 859 950 1021 1214 1384 1594 1872 2193 2673 3138 3930 4760 5997 7357 9217 11524
513 508 513 513 519 516 516 513 515 511 520 514 518 522 518 522 521 531 537 534 554 548 558 589 608 630 654 692 737 827 897 977 1074 1235 1450 1689 2057 2357 2786 3486 4227 5321 6458 7774 9766
521 525 531 545 549 550 565 588 583 615 653 657 718 750 803 913 1019 1147 1293 1517 1723 2178 2559 3107 3723 4565 5708 6875 8680 10956 13443 16383 16383 16383 16383 16383 16383 16383 16383 16383 16383 16383 16383 16383 16383
515 509 516 514 511 517 518 514 514 515 517 521 518 522 527 534 539 547 551 550 567 581 610 614 662 669 751 800 871 978 1077 1203 1396 1640 1946 2356 2832 3467 4148 5190 6314 7781 9713 12181 15203
516 515 513 514 515 514 512 514 513 519 519 521 524 518 524 533 541 539 556 573 595 598 629 653 680 738 779 864 935 1059 1214 1386 1718 1868 2327 2799 3426 4048 4943 6130 7634 9666 11952 14763 16383
510 516 515 515 520 520 515 521 518 524 527 529 531 534 539 534 546 555 561 586 616 633 655 720 759 818 921 1010 1170 1313 1492 1763 2076 2505 2984 3591 4489 5565 6743 8535 10424 13187 16301 16293 16281
514 509 515 514 516 515 520 522 517 521 524 523 533 534 544 542 556 567 588 601 615 645 725 743 768 853 971 1100 1161 1405 1592 1930 2264 2659 3301 4000 4831 5938 7461 9245 11591 14276 16383 16383 16383
520 513 513 515 515 513 514 525 512 519 518 511 525 533 520 535 532 537 546 556 560 589 620 627 655 720 770 827 866 1008 1120 1239 1473 1731 1991 2357 2987 3413 4217 5165 6564 8096 9943 12566 15518
515 516 514 522 525 530 528 531 532 536 554 565 574 599 626 658 664 714 792 901 961 1058 1237 1349 1596 1852 2229 2690 3334 3948 4878 6019 7272 8929 11541 14261 16383 16383 16383 16383 16383 16383 16383 16383 16383
512 515 514 514 513 512 518 516 514 513 513 514 520 518 521 523 522 528 531 533 554 563 568 584 592 608 640 662 711 802 823 958 1026 1142 1275 1437 1786 2035 2551 2989 3787 4587 5634 6877 8566
507 510 512 514 515 518 517 516 516 517 512 523 522 518 529 525 534 534 546 551 565 566 600 590 621 648 696 716 791 868 958 1098 1211 1370 1554 1901 2135 2712 3264 3941 4882 5969 7506 9311 11395
513 514 512 514 515 518 512 518 517 520 524 530 538 544 544 547 551 573 591 616 625 653 686 755 828 909 990 1154 1302 1505 1754 2069 2452 2957 3576 4341 5429 6676 8310 10137 12594 15945 16286 16272 16251
520 515 518 504 504 529 521 528 516 524 512 523 530 555 553 566 583 587 603 623 638 705 729 777 853 969 1084 1213 1400 1648 1932 2278 2715 3362 4106 5025 6109 7497 9410 11871 15006 16383 16383 16383 16383
527 531 534 543 545 570 583 596 640 655 681 726 789 850 954 1086 1197 1391 1604 1936 2318 2847 3317 4117 5141 6218 7731 9515 12043 14928 16383 16383 16383 16383 16383 16383 16382 16383 16382 16382 16383 16383 16383 16383 16383
523 516 519 520 515 526 521 521 531 534 548 559 559 562 591 617 653 678 716 765 837 936 1003 1160 1311 1531 1766 2139 2545 3130 3730 4401 5785 7041 8616 10782 13404 16383 16383 16383 16383 16383 16383 16383 16383
512 515 514 516 511 512 513 510 515 512 517 517 516 517 517 525 523 518 521 534 543 550 554 569 580 591 620 657 676 718 793 851 966 1011 1186 1313 1557 1872 2162 2624 3143 3903 4674 5796 6997
516 524 517 514 513 519 514 530 527 541 542 558 559 564 593 602 643 672 727 715 828 898 1011 1134 1284 1435 1768 2059 2440 2941 3620 4422 5415 6567 8385 10325 12918 16167 16383 16383 16383 16383 16383 16383 16383
511 513 514 513 512 502 515 514 520 522 520 521 529 547 546 558 553 584 602 609 653 695 742 841 867 943 1078 1261 1469 1691 1998 2384 2907 3463 4223 5247 6401 7946 9879 12138 15286 16383 16383 16383 16383
515 514 517 513 513 516 517 517 519 525 520 517 528 539 538 541 558 568 561 576 589 628 673 702 753 826 907 967 1147 1219 1479 1728 2013 2395 2862 3466 4322 5321 6588 8011 10005 12474 15760 16383 16383
510 514 517 515 520 515 516 517 521 514 518 526 544 551 553 547 555 569 594 626 645 655 728 782 873 914 1005 1135 1299 1585 1768 2151 2591 3086 3717 4672 5668 6996 8531 10764 13603 16383 16383 16383 16383
518 512 517 512 515 513 514 520 516 515 522 522 523 521 535 541 535 554 563 580 589 603 645 680 722 775 793 894 1007 1195 1298 1553 1873 2164 2581 3068 3809 4545 5586 6937 8543 10690 13610 16298 16291
512 513 515 512 515 514 518 518 518 517 518 525 518 524 528 531 534 540 537 561 570 580 599 619 643 672 729 773 868 946 1036 1195 1371 1581 1869 2173 2668 3211 3951 4705 5961 7321 9207 11394 14325
