# Matrice Z (100x37)
521 512 510 509 514 512 515 518 517 512 519 519 519 519 524 536 528 534 538 549 555 570 584 608 643 644 700 742 791 874 966 1086 1192 1449 1703 1906 2266
508 515 518 519 519 520 515 527 524 527 534 535 543 561 576 597 595 632 660 702 728 806 836 937 1041 1223 1415 1755 1915 2351 2853 3417 4206 5127 6379 7874 9724
511 513 515 513 517 511 512 509 514 511 515 512 513 514 516 516 524 521 527 526 537 538 540 548 574 569 586 628 660 665 715 800 839 918 1022 1162 1335
531 543 534 524 545 561 572 601 608 629 675 715 747 802 876 993 1121 1307 1496 1751 2058 2439 2972 3636 4422 5431 6517 8256 10228 12851 16010 16383 16383 16383 16383 16383 16383
514 520 512 516 516 514 513 512 517 516 523 525 522 527 536 538 544 552 557 573 590 613 651 673 736 742 828 898 1027 1168 1349 1526 1765 2147 2579 3150 3773
512 515 511 511 514 511 514 512 514 515 514 516 513 514 518 516 520 520 523 534 531 538 547 555 561 567 587 603 624 675 705 758 846 884 984 1121 1287
514 516 510 516 515 515 519 516 523 524 522 519 514 529 538 538 554 562 582 590 604 653 659 683 745 831 897 992 1109 1282 1410 1628 1997 2373 2868 3498 4167
508 512 512 510 511 516 513 520 516 523 514 520 515 526 529 532 540 536 557 557 592 617 629 673 684 724 790 885 977 1102 1240 1471 1663 1997 2414 2850 3411
513 515 516 514 515 515 518 523 519 521 516 532 528 528 544 547 564 589 594 626 644 678 712 776 832 934 1039 1198 1390 1648 1816 2221 2613 3116 3960 4742 5898
517 519 515 524 523 535 541 530 545 553 580 586 590 623 635 690 713 796 875 933 1060 1171 1343 1609 1905 2239 2613 3202 3885 4792 5905 7447 9072 11806 13854 14968 16313
514 513 515 511 515 515 514 514 518 515 511 517 513 516 517 517 514 514 525 514 523 525 526 535 533 547 557 548 581 582 594 654 656 703 738 799 904
512 515 513 517 517 512 513 521 524 514 528 530 532 520 540 538 543 541 578 598 600 619 645 697 720 780 845 933 1040 1238 1400 1599 1848 2326 2749 3432 4095
515 518 516 514 513 510 514 515 514 517 516 524 521 527 529 541 541 530 566 561 596 600 643 645 713 748 791 889 992 1116 1313 1371 1691 2073 2408 2869 3489
515 512 520 518 515 518 519 525 525 526 537 535 541 546 563 552 578 608 624 670 690 708 787 853 951 1079 1221 1329 1575 1937 2283 2777 3326 3897 4981 6071 7517
512 512 516 515 515 513 517 514 510 516 518 521 529 534 530 544 542 550 559 579 590 602 632 655 694 746 837 908 989 1103 1262 1451 1764 1996 2417 3012 3597
513 510 517 516 521 517 513 520 520 516 524 528 538 534 537 552 535 550 587 610 603 643 685 720 771 857 921 1021 1168 1341 1496 1808 2299 2577 3183 3895 4697
515 516 511 516 523 516 522 521 522 519 527 527 535 538 546 541 563 577 589 596 630 635 699 762 797 877 941 1094 1231 1465 1719 1937 2399 2828 3382 4173 5148
509 510 515 516 514 515 514 523 515 525 529 532 532 537 546 548 570 595 598 636 639 666 721 763 863 919 1059 1233 1340 1569 1851 2195 2620 3122 3784 4554 5686
511 505 511 509 516 520 513 518 515 516 514 520 522 521 522 526 530 529 540 544 553 579 598 627 651 643 695 752 823 881 995 1103 1296 1456 1753 2113 2500
514 515 510 514 517 517 514 517 517 521 516 525 519 522 525 530 536 540 554 563 569 600 619 639 659 711 761 826 897 1024 1127 1287 1439 1746 2218 2486 2986
508 515 514 508 511 510 513 513 514 520 518 514 514 520 518 527 519 516 533 535 534 551 564 551 578 595 606 649 689 715 776 835 937 1048 1189 1334 1602
513 514 512 511 519 518 520 519 526 521 528 525 536 542 550 563 565 601 611 641 678 721 798 851 924 1106 1196 1398 1628 1853 2330 2642 3339 4047 4925 5874 7512
510 516 515 512 520 521 517 526 524 532 532 541 545 568 587 573 608 628 661 710 751 804 858 969 1080 1226 1435 1713 2016 2402 2895 3460 4200 5198 6479 7994 10159
507 513 515 510 512 515 515 518 514 514 519 516 527 520 518 527 526 534 539 543 555 565 572 608 624 647 692 739 827 879 958 1084 1243 1387 1669 1939 2287
513 514 519 514 521 520 517 521 517 531 530 533 542 564 573 577 603 616 640 698 727 777 865 955 1042 1191 1453 1571 1928 2236 2701 3336 4000 4949 6183 7463 9312
514 517 514 511 513 518 518 518 525 523 519 529 527 532 537 551 554 567 573 603 625 635 660 697 784 842 963 1024 1210 1371 1573 1848 2153 2560 3144 3884 4673
513 512 510 512 510 514 513 518 514 516 524 528 525 529 530 543 540 552 568 568 598 609 634 674 720 788 891 954 1043 1203 1341 1618 1896 2294 2801 3300 4040
515 514 508 514 515 516 515 514 517 523 518 527 540 528 529 540 572 564 572 588 626 656 704 726 777 860 951 1107 1218 1382 1589 1924 2323 2724 3299 4047 4813
517 509 517 516 515 514 518 515 516 517 518 519 520 519 535 526 536 548 554 556 572 583 585 601 662 681 701 757 810 931 1015 1108 1260 1385 1745 1923 2467
517 513 514 513 514 515 515 516 520 513 522 520 525 530 534 540 540 542 554 562 594 607 637 659 720 774 837 886 1028 1132 1313 1482 1742 2035 2476 2980 3647
512 516 513 513 523 523 522 523 522 527 525 539 536 543 554 568 594 604 608 680 695 739 824 895 971 1132 1229 1462 1749 2010 2431 3003 3564 4338 5547 6574 8207
510 513 515 514 514 516 515 514 519 512 516 520 523 520 528 528 531 531 547 547 570 564 578 596 624 669 708 778 818 904 1001 1134 1289 1472 1761 2132 2494
516 514 519 514 509 513 519 519 524 518 515 533 532 540 541 540 552 556 570 582 617 654 660 729 780 836 936 1057 1158 1342 1494 1852 2214 2559 3162 3784 4701
513 516 514 508 513 510 513 514 516 518 524 517 523 528 525 535 533 541 553 561 581 598 614 652 698 727 786 864 943 1080 1216 1412 1654 1859 2337 2713 3274
512 515 513 511 514 511 512 517 518 519 518 517 517 516 521 527 526 530 531 538 547 558 573 570 597 612 642 688 750 800 892 970 1131 1254 1455 1746 1936
510 513 511 514 516 519 516 515 521 516 519 527 531 533 541 541 557 561 565 595 611 634 642 710 746 822 886 1017 1206 1316 1536 1809 2112 2509 3029 3671 4492
513 519 523 528 524 527 530 547 547 537 561 568 606 601 616 672 682 737 825 892 968 1132 1325 1411 1670 1972 2437 2901 3551 4250 5131 6471 7846 9926 12463 15439 16383
514 520 520 515 523 525 522 525 529 530 546 547 561 563 584 605 627 638 707 731 799 873 955 1056 1297 1405 1686 1933 2297 2786 3500 4252 5043 6341 7822 9540 12102
520 520 525 525 522 540 538 543 550 561 583 585 605 626 673 708 757 810 901 1012 1149 1335 1519 1765 2077 2564 3027 3819 4603 5568 6889 8600 10777 13382 16383 16383 16383
519 492 519 520 526 516 523 528 534 545 532 546 557 578 590 626 654 680 732 782 852 956 1060 1217 1377 1603 1884 2220 2680 3191 3868 4793 6042 7190 9020 11268 14334
517 518 517 520 515 513 516 514 524 522 524 526 526 544 540 555 547 572 575 593 611 633 681 717 769 875 943 1013 1192 1328 1519 1881 2222 2657 3159 3765 4660
516 509 512 510 516 514 515 516 511 515 518 520 520 520 516 521 524 527 540 539 538 559 569 577 609 624 660 718 752 806 899 981 1087 1273 1475 1690 2009
512 509 509 514 514 510 510 518 512 518 515 510 511 520 513 520 517 522 523 525 528 531 544 550 550 561 555 600 642 637 674 740 802 863 994 1073 1186
518 516 515 515 513 518 515 512 515 518 519 518 520 522 527 536 535 539 569 567 570 597 590 641 663 698 752 799 880 980 1105 1306 1544 1669 1992 2407 2947
512 511 517 514 517 518 516 516 514 519 520 519 517 527 529 538 543 547 579 570 582 601 615 637 669 744 763 866 901 1065 1185 1361 1678 1824 2245 2739 3188
510 512 511 512 513 515 515 514 516 514 517 516 514 522 521 522 524 536 540 544 547 561 577 597 618 647 663 735 764 849 923 1027 1174 1324 1546 1781 2239
512 511 509 517 515 509 518 515 516 520 518 520 526 537 531 544 541 561 559 592 609 637 680 698 733 814 878 968 1069 1252 1452 1734 2020 2347 2873 3507 4284
519 523 528 528 544 544 554 575 574 590 619 634 677 708 749 868 898 1008 1146 1337 1493 1756 2131 2545 3153 3789 4760 5566 6927 8658 10917 13439 16383 16372 16373 16374 16369
509 512 512 511 511 512 511 511 512 517 515 517 517 519 520 527 518 525 528 530 529 533 554 554 546 581 587 613 647 678 718 805 872 974 1065 1208 1383
519 517 514 515 517 524 531 538 540 545 554 566 565 571 611 613 648 699 725 790 862 965 1033 1198 1397 1640 1876 2246 2758 3291 4004 4944 6117 7454 9313 11492 14392
510 516 515 515 513 513 518 515 521 524 522 539 526 521 535 546 555 560 561 579 581 616 649 702 727 812 874 926 1080 1261 1444 1682 1969 2393 2823 3391 4193
515 513 515 528 524 545 530 541 549 562 567 592 598 625 687 697 744 830 905 1026 1138 1293 1453 1712 2005 2473 3031 3587 4439 5513 6751 8263 10324 12926 16150 16383 16383
513 513 515 510 513 512 514 515 521 521 520 532 530 529 544 546 544 559 580 593 613 643 681 701 736 843 959 1041 1136 1330 1527 1816 2150 2606 3010 3837 4709
518 511 512 518 516 512 516 514 520 516 521 524 528 533 536 548 566 546 569 574 577 610 658 663 713 786 832 926 1006 1165 1355 1564 1733 2162 2681 3154 3845
514 513 516 515 515 516 518 520 516 523 523 522 527 529 533 546 561 570 582 614 636 656 688 739 794 881 980 1055 1202 1422 1593 1917 2249 2712 3152 3907 4848
510 516 511 510 513 513 518 510 515 511 518 519 520 518 516 525 525 530 525 537 540 546 563 583 576 593 606 634 678 718 740 793 915 1048 1138 1335 1541
518 515 510 514 511 517 517 514 517 522 521 523 518 535 534 534 546 555 577 588 617 619 670 699 732 801 903 1024 1162 1281 1447 1715 2019 2492 2968 3572 4483
513 513 511 510 515 510 514 511 516 513 513 514 516 522 526 532 532 534 551 546 561 585 587 621 640 660 725 750 829 918 1006 1152 1312 1511 1779 2094 2548
520 514 516 511 519 515 523 516 520 523 529 527 539 541 534 566 581 584 605 640 671 695 770 815 870 989 1109 1298 1491 1747 2048 2440 2964 3555 4386 5405 6556
517 518 515 518 515 518 518 519 523 523 537 540 548 557 560 582 590 606 620 669 711 729 833 906 1013 1124 1279 1468 1797 2045 2419 2955 3712 4476 5446 6750 8473
534 527 541 537 549 563 576 589 616 632 691 701 758 842 911 1022 1168 1292 1485 1734 2068 2469 3074 3678 4386 5523 6762 8491 10632 13072 16205 16383 16383 16383 16383 16383 16383
508 517 514 513 516 512 510 510 516 513 516 517 518 514 517 517 528 521 524 533 548 552 564 566 575 620 643 640 703 759 797 914 1016 1113 1251 1490 1720
513 516 512 509 515 519 520 523 521 521 522 527 524 529 542 537 550 550 566 574 607 637 656 688 734 767 852 966 1079 1183 1357 1660 1875 2282 2720 3248 4001
512 511 514 515 512 519 507 519 512 519 518 519 529 521 532 540 536 549 555 568 575 605 614 644 700 745 787 855 937 1080 1200 1454 1631 1917 2265 2667 3332
516 514 513 516 514 509 514 515 511 514 516 518 516 513 519 522 515 523 521 531 527 528 540 544 547 555 574 596 609 639 667 709 757 847 946 1051 1169
511 513 514 514 514 515 520 516 522 524 540 526 541 546 564 562 587 605 628 652 704 745 797 860 991 1088 1233 1351 1678 2072 2381 2864 3307 4195 5187 6314 7818
514 514 512 516 513 517 516 512 514 516 523 521 523 527 537 535 545 547 587 577 601 612 664 676 709 775 840 941 1061 1211 1354 1594 1852 2218 2632 3197 3906
511 515 514 514 517 516 512 511 514 518 515 516 512 515 526 522 527 530 534 548 546 552 552 592 603 605 653 668 718 765 835 923 1047 1154 1288 1528 1778
516 516 514 513 511 514 513 513 513 514 526 521 527 527 527 534 539 550 553 558 574 601 611 637 664 729 743 810 902 1026 1173 1366 1544 1830 2159 2573 3054
514 510 514 516 514 514 524 516 526 526 528 526 528 547 549 563 566 571 594 624 649 685 739 813 841 947 1067 1236 1473 1662 1988 2358 2728 3327 4235 5100 6255
513 513 510 514 511 514 522 514 514 516 524 533 522 534 542 541 555 559 573 592 619 642 664 699 769 835 917 1009 1181 1336 1539 1806 2205 2568 3055 3662 4591
515 519 523 522 523 522 527 533 532 538 558 575 567 597 625 664 681 731 795 852 916 1085 1153 1387 1550 1879 2261 2791 3268 3966 5012 5976 7506 9163 11640 14330 16383
509 515 514 514 517 514 512 512 511 511 513 515 519 521 524 519 524 531 532 534 541 541 564 567 582 604 636 661 714 764 791 890 972 1092 1296 1481 1740
514 516 511 511 517 514 515 523 515 519 520 532 526 537 525 557 557 559 569 595 584 640 666 710 765 806 924 1037 1160 1284 1521 1660 2068 2512 3062 3664 4565
511 513 513 511 516 516 518 518 514 521 519 526 533 530 532 542 555 570 584 590 619 659 668 725 760 870 954 1059 1188 1323 1645 1873 2279 2726 3234 3881 4680
512 516 518 515 516 519 529 516 517 521 527 533 526 532 540 547 561 576 589 625 616 632 738 778 807 940 993 1190 1330 1558 1772 2222 2504 3163 3786 4690 5705
516 518 515 522 518 519 523 523 527 539 536 550 556 564 571 602 610 645 689 734 799 878 974 1068 1219 1421 1661 1941 2294 2757 3351 4155 5057 6211 7714 9446 11817
517 511 511 516 518 519 519 516 521 526 524 527 536 533 550 550 542 576 587 609 621 677 706 733 817 881 1001 1124 1301 1486 1711 2050 2557 3000 3532 4426 5397
520 521 514 522 515 523 530 532 534 538 561 565 569 593 632 635 667 692 766 803 860 1006 1150 1345 1512 1756 2084 2516 2990 3729 4494 5537 6764 8557 10455 13122 16382
516 520 521 523 521 533 526 533 543 558 560 579 582 604 637 696 701 755 848 888 1032 1135 1270 1506 1756 2099 2556 3110 3667 4559 5460 6980 8724 10609 13373 16383 16383
486 516 513 515 519 514 500 515 517 516 523 528 535 543 516 535 539 554 554 572 597 608 656 665 709 743 835 885 981 1120 1311 1487 1758 2044 2394 2969 3589
514 514 513 518 512 514 514 515 519 513 518 524 524 532 529 530 547 570 566 605 605 631 663 701 777 833 872 981 1148 1306 1500 1775 2067 2414 3012 3645 4426
511 515 508 509 512 510 517 516 518 518 517 520 520 521 526 532 542 545 549 561 581 607 664 667 683 736 817 862 987 1105 1207 1393 1600 1915 2332 2877 3398
509 516 508 513 515 512 511 517 511 521 518 521 525 525 523 531 538 542 555 562 570 589 607 610 654 711 748 805 874 974 1092 1295 1441 1721 1947 2413 2857
515 514 512 511 517 515 522 520 524 522 531 539 529 534 542 554 558 589 611 634 647 694 735 813 911 988 1122 1279 1520 1732 2094 2504 2876 3509 4281 5316 6469
532 544 543 545 568 562 590 598 639 642 708 744 791 924 1019 1100 1288 1461 1654 2057 2528 2943 3556 4482 5512 6701 8243 10223 12821 16113 16271 16257 16383 16221 16191 16196 16197
514 517 516 517 516 514 515 513 522 519 519 528 524 532 534 546 546 551 557 591 602 609 646 677 739 783 856 962 1103 1222 1450 1664 1890 2348 2801 3403 4150
510 510 517 514 510 512 516 519 515 518 520 522 529 524 528 539 535 559 548 566 585 604 629 666 708 741 812 861 993 1088 1240 1492 1748 2012 2427 2998 3498
512 511 511 513 516 513 515 512 522 515 519 529 526 540 536 538 554 558 574 585 626 649 685 708 753 834 901 1040 1142 1312 1563 1792 2113 2588 3080 3780 4609
516 516 517 515 517 512 514 516 516 521 521 521 537 531 539 548 537 554 578 586 606 625 669 739 757 897 923 1060 1195 1326 1568 1808 2234 2625 3205 3865 4703
513 515 523 519 522 527 530 527 531 533 542 557 577 587 592 607 641 675 740 787 870 990 1088 1239 1385 1635 1938 2306 2746 3304 4170 5028 6192 7771 9571 12018 14759
513 514 508 517 514 513 514 511 515 521 517 519 516 520 518 529 545 549 571 567 566 609 602 621 664 751 782 865 913 1060 1226 1412 1753 1906 2327 2891 3443
514 513 517 518 514 513 516 518 515 514 515 520 513 525 524 527 531 528 547 544 552 567 573 589 622 648 665 715 795 844 908 1010 1119 1297 1557 1802 2115
510 515 518 517 511 513 519 512 513 517 517 519 527 522 529 545 539 540 553 564 581 593 619 644 679 755 781 897 966 1086 1266 1411 1666 2064 2364 2924 3516
513 512 512 511 515 514 518 510 521 519 518 519 529 531 533 535 536 537 576 579 593 619 636 690 736 760 813 905 1026 1156 1328 1551 1863 2219 2617 3138 3889
511 513 512 512 506 514 517 519 518 518 520 525 525 525 526 529 524 548 551 558 571 576 597 647 663 692 740 808 897 982 1143 1267 1477 1641 2018 2362 3008
511 511 513 512 510 512 516 515 512 516 520 518 519 523 525 533 544 547 556 559 569 583 607 650 664 713 770 833 922 969 1129 1310 1539 1722 2036 2506 2936
512 515 515 513 512 517 513 519 520 520 522 528 534 543 547 555 568 583 601 622 663 697 760 824 843 977 1075 1236 1348 1604 1907 2196 2673 3244 4022 4767 5882
512 511 513 514 512 513 517 513 513 513 520 519 519 513 518 518 519 533 538 540 551 558 559 579 591 605 645 668 715 793 864 918 1062 1131 1324 1541 1781
516 513 516 514 514 518 512 519 516 524 528 524 525 524 533 527 545 573 587 595 623 638 694 748 750 864 957 1046 1158 1379 1580 1859 2221 2634 3224 3702 4646
