# Matrice Z (50x45)
516 516 509 511 509 517 518 519 518 515 519 518 521 524 535 529 533 545 547 545 566 572 592 611 647 670 718 788 842 919 1061 1141 1296 1587 1767 2175 2559 3060 3841 4540 5647 7073 8969 11007 13627
517 514 514 511 510 519 517 521 513 514 519 527 525 528 529 535 545 556 564 567 621 623 655 698 755 786 845 996 1050 1224 1416 1650 1895 2360 2819 3375 4171 5010 6288 7820 9703 12250 15344 16383 16383
514 519 511 513 514 516 517 520 525 517 524 534 531 534 543 548 554 574 584 592 628 622 663 726 781 863 985 1028 1144 1353 1585 1851 2173 2625 3200 3833 4818 5931 7255 8977 11249 14121 16383 16383 16383
520 516 517 524 520 529 529 536 539 549 563 567 563 591 622 667 682 751 799 863 922 1055 1165 1371 1564 1839 2231 2684 3223 3969 4947 5978 7450 9361 11445 14465 16382 16383 16383 16382 16383 16383 16383 16382 16383
514 512 512 512 513 519 520 518 521 523 534 530 527 539 553 550 558 561 586 595 635 676 709 786 827 909 1057 1191 1327 1554 1838 2146 2637 3130 3850 4729 5664 7246 8836 10820 13745 16383 16383 16383 16383
514 513 514 514 520 514 524 520 520 530 532 535 534 560 555 582 604 618 663 713 746 775 853 948 1019 1197 1305 1595 1815 2128 2638 3123 3782 4790 5824 7183 9241 11296 14139 16383 16383 16383 16383 16383 16383
514 521 520 522 530 529 536 534 551 560 565 578 609 625 666 701 765 824 886 1001 1059 1278 1469 1680 2007 2316 2900 3582 4195 5151 6470 8081 10102 12323 15491 16382 16382 16381 16375 16370 16371 16371 16371 16370 16370
526 520 526 518 522 525 528 535 540 552 573 589 591 601 644 673 724 758 831 895 1014 1148 1277 1508 1747 2086 2502 2977 3619 4529 5484 6844 8452 10470 13187 16383 16383 16383 16383 16383 16383 16383 16383 16383 16383
512 509 509 511 511 510 512 513 513 516 515 514 517 515 522 519 530 532 532 536 555 554 567 566 597 604 643 686 713 795 865 955 1015 1188 1316 1530 1864 2128 2602 3164 3876 4671 5716 7143 8755
515 511 515 512 516 517 519 520 524 515 511 522 532 529 533 549 547 556 578 590 617 632 682 696 751 825 897 996 1126 1332 1471 1705 2027 2454 2975 3577 4327 5436 6709 8259 10595 12759 16116 16383 16383
514 514 513 511 517 512 517 510 511 514 511 515 514 518 523 519 522 523 529 533 534 542 546 567 580 591 642 633 678 741 785 876 932 1052 1212 1431 1614 1942 2240 2694 3290 3982 4849 6013 7418
518 517 514 511 516 518 520 521 542 527 532 538 538 545 570 564 596 603 637 660 716 762 816 916 1018 1164 1346 1534 1809 2103 2597 3018 3754 4591 5631 7230 8701 10864 13528 16381 16382 16383 16382 16382 16382
513 512 512 510 513 516 516 517 514 518 520 518 521 528 525 537 529 552 556 559 576 612 654 668 678 753 811 908 988 1139 1326 1528 1803 2158 2514 3023 3602 4484 5549 6745 8418 10376 13103 16383 16383
517 513 514 513 519 519 518 524 522 519 533 537 531 550 566 575 599 630 657 684 735 790 863 960 1025 1172 1371 1578 1888 2176 2649 3257 3837 4930 5984 7411 9260 11538 14533 16382 16383 16383 16383 16383 16383
517 514 509 515 514 517 516 525 518 517 527 526 531 537 535 560 562 574 584 600 641 693 681 748 831 906 987 1147 1315 1508 1770 2040 2447 2961 3592 4450 5377 6771 8401 10515 12906 16118 16383 16383 16383
516 524 520 514 522 523 518 525 525 531 539 538 553 562 574 576 593 624 644 690 714 784 876 913 1049 1204 1387 1580 1881 2288 2711 3425 4035 4864 6067 7305 9297 11555 14532 16382 16383 16383 16383 16382 16383
515 519 513 510 514 512 516 514 515 519 520 517 520 528 523 535 542 545 556 568 565 591 602 638 653 722 767 843 865 1017 1105 1298 1515 1688 2071 2398 2986 3565 4456 5383 6682 8289 10329 13008 16055
513 517 518 517 522 523 523 529 529 545 548 545 553 571 589 616 627 650 680 783 819 914 1026 1141 1274 1468 1700 2046 2532 3013 3670 4483 5701 7049 8630 10987 13509 16383 16383 16383 16383 16383 16383 16383 16383
511 514 514 511 511 512 519 517 515 515 513 520 520 521 524 526 529 536 543 542 548 577 589 604 604 663 684 733 795 812 921 1077 1199 1362 1653 1880 2277 2783 3354 4106 5130 6219 7550 9467 11808
514 519 513 515 516 517 518 521 518 512 527 523 530 529 533 535 538 561 576 568 593 616 651 693 714 809 848 943 1066 1238 1343 1626 1892 2272 2704 3255 4025 5119 6164 7600 9409 11773 14806 16383 16383
510 509 515 513 511 510 512 508 513 511 513 518 517 514 517 514 519 520 520 526 531 533 543 540 547 570 574 606 622 654 674 723 766 847 923 1047 1172 1301 1568 1763 2094 2579 3064 3733 4664
505 515 514 516 533 514 509 508 515 515 514 517 515 524 524 526 534 530 543 557 557 570 587 607 639 658 699 742 808 880 1021 1138 1287 1476 1766 2032 2451 2952 3589 4431 5328 6544 8354 10285 12735
511 515 509 510 517 515 513 515 511 511 518 519 515 515 525 522 526 533 531 540 549 558 573 584 594 630 632 692 768 810 893 980 1096 1247 1479 1750 1988 2411 2886 3526 4246 5243 6406 7863 9761
508 518 515 510 516 512 513 516 515 518 516 517 522 525 531 535 544 551 558 573 605 595 649 659 721 765 843 937 993 1139 1304 1563 1888 2096 2510 3015 3699 4620 5679 6968 8541 10792 13209 16383 16383
511 516 515 512 513 511 511 510 513 518 518 515 520 518 515 521 526 528 528 535 548 547 557 570 574 602 630 648 696 746 804 899 988 1091 1243 1447 1692 2024 2436 2842 3616 4313 5351 6506 8107
515 513 515 509 516 513 510 517 513 512 511 513 515 515 525 516 523 523 525 521 530 530 539 550 562 582 588 606 625 655 711 747 786 872 983 1088 1258 1435 1704 2080 2371 2929 3575 4316 5293
516 512 510 516 516 516 516 517 520 522 531 519 526 533 543 530 558 571 599 604 618 647 681 742 835 886 995 1076 1183 1398 1619 1882 2331 2815 3390 4153 5108 6337 7934 9939 12312 15444 16383 16383 16383
514 515 517 514 518 515 515 520 525 525 526 534 535 540 552 552 558 584 602 636 653 687 737 775 856 915 1045 1140 1349 1583 1707 2132 2530 3167 3762 4645 5625 6898 8618 10592 13319 16383 16383 16383 16383
508 516 513 516 512 516 511 515 515 519 513 512 521 519 517 523 522 531 532 543 550 551 568 574 595 630 655 673 741 788 860 932 1047 1167 1343 1560 1811 2146 2613 3107 3826 4691 5802 7301 8893
513 515 519 516 516 515 517 514 516 524 528 526 525 538 536 551 556 569 579 626 630 665 696 745 795 907 962 1105 1300 1491 1708 2049 2538 3060 3585 4412 5427 6720 8357 10455 12849 16062 16282 16270 16248
512 511 515 515 510 512 514 509 513 514 518 513 513 519 516 520 520 520 528 519 539 539 549 557 563 594 603 643 655 702 777 782 889 1031 1165 1285 1502 1721 2040 2350 2877 3587 4267 5227 6550
514 509 510 511 515 513 517 515 514 510 516 521 517 525 521 529 528 543 547 550 565 601 593 635 644 682 729 793 864 944 1082 1206 1440 1693 1927 2323 2875 3505 4241 5163 6406 7956 9780 12310 15373
509 510 516 513 512 514 514 517 517 515 516 523 521 525 530 532 543 551 570 566 585 614 639 656 694 766 834 895 1002 1100 1262 1483 1766 2150 2436 2869 3607 4485 5419 6863 8569 10566 12967 16237 16383
516 522 525 522 520 537 534 547 553 569 607 615 633 655 685 734 812 909 966 1077 1252 1496 1641 2034 2442 2903 3509 4368 5257 6339 8284 10216 12699 15980 16383 16383 16383 16383 16383 16383 16383 16383 16383 16382 16383
512 514 516 513 505 515 512 515 518 520 520 520 523 524 530 540 544 558 546 571 580 617 625 684 724 759 835 904 992 1142 1230 1466 1838 2188 2567 3020 3721 4568 5508 6922 8681 10624 12990 16382 16383
514 516 516 512 515 514 517 516 507 512 521 513 518 521 519 523 530 532 525 538 547 567 572 596 608 642 670 700 775 815 886 1001 1137 1288 1470 1698 2022 2490 2937 3539 4412 5317 6635 8244 10108
513 511 517 513 517 514 511 516 519 517 521 525 519 525 520 534 536 550 566 573 600 625 647 697 753 772 848 948 1012 1199 1374 1590 1930 2239 2644 3327 3889 4850 5744 7301 9048 11433 14365 16383 16383
514 516 509 511 516 515 516 516 513 509 509 510 512 513 514 514 510 511 511 516 515 515 526 526 529 537 539 543 552 558 570 581 606 654 662 676 751 833 902 983 1097 1235 1435 1646 2054
519 518 517 516 521 525 525 526 538 545 548 565 585 577 637 638 696 717 770 836 928 1071 1145 1324 1548 1922 2177 2616 3208 3938 4810 5862 7293 9040 11188 14098 16383 16383 16383 16383 16383 16383 16383 16383 16383
511 512 514 512 516 518 517 517 516 524 521 524 538 529 542 540 551 577 589 590 623 629 698 765 816 879 962 1076 1225 1401 1618 1979 2331 2763 3282 4109 4889 6152 7685 9466 11814 14712 16383 16382 16383
515 518 517 523 520 525 522 533 539 544 564 572 578 597 609 665 685 706 761 819 921 1056 1152 1340 1494 1804 2094 2484 3131 3904 4650 5573 6939 8596 10727 13562 16382 16382 16382 16382 16383 16383 16383 16383 16383
512 511 509 515 513 514 517 518 516 518 515 520 525 523 536 530 540 551 542 565 568 598 610 618 661 691 779 819 884 982 1161 1288 1455 1784 2088 2500 2952 3643 4390 5560 6900 8480 10737 13070 16383
512 513 510 520 518 514 517 523 523 525 526 524 524 528 533 552 553 561 576 579 609 628 680 686 759 828 914 977 1136 1320 1438 1697 2056 2418 2922 3484 4351 5333 6622 8309 10238 12602 16153 16382 16383
519 518 516 521 521 531 529 542 534 545 562 559 593 599 621 636 685 715 822 882 966 1042 1230 1352 1571 1966 2335 2741 3376 4101 4857 6069 7509 9204 11678 14426 16383 16383 16383 16383 16383 16383 16383 16383 16383
511 508 513 512 512 509 513 511 510 510 514 518 514 517 515 517 520 526 523 522 537 536 539 544 548 558 571 597 630 650 679 703 783 844 947 1088 1144 1372 1577 1899 2349 2696 3258 4034 4783
511 511 511 510 513 514 514 514 511 514 517 516 516 518 517 518 521 526 533 534 546 562 570 585 591 612 605 659 718 735 860 963 1035 1191 1305 1452 1731 2125 2541 3065 3793 4454 5525 6929 8641
516 515 515 512 516 510 518 515 521 519 525 523 530 530 540 555 555 578 596 600 616 647 689 737 795 872 972 1102 1285 1394 1627 1974 2395 2834 3436 4278 5148 6271 7965 10000 12043 15323 16383 16383 16383
513 511 510 518 515 515 516 515 515 515 522 523 523 528 538 533 543 562 559 572 599 629 629 673 714 793 863 894 1075 1196 1415 1625 1872 2282 2742 3367 3996 5061 6136 7558 9624 11906 14965 16383 16383
516 513 518 523 517 524 525 528 535 545 538 558 568 577 587 609 637 685 699 753 832 940 1005 1189 1377 1557 1817 2075 2665 3191 3827 4583 5786 7178 8849 11049 13766 16383 16383 16383 16383 16383 16383 16383 16383
511 511 516 518 515 518 515 516 521 517 527 525 525 535 545 541 562 562 585 590 613 627 678 731 771 852 910 1056 1224 1332 1584 1820 2149 2589 3139 3795 4776 5794 7165 8869 11004 13706 16285 16272 16251
