# Matrice Z (100x41)
515 510 513 515 512 513 512 514 514 516 515 512 518 519 521 525 523 532 527 541 536 549 547 564 589 594 619 654 671 731 771 912 972 1047 1206 1404 1624 1909 2218 2645 3182
510 514 511 510 515 515 511 511 512 515 513 512 515 513 512 513 513 518 513 521 520 526 529 535 528 546 552 560 568 577 600 639 667 711 754 818 860 1002 1119 1223 1505
513 515 518 513 521 514 526 519 533 531 529 540 551 566 578 581 612 640 659 713 781 843 906 985 1120 1304 1465 1742 2039 2552 3019 3682 4406 5428 6867 8353 10383 12977 16314 16383 16382
512 511 514 513 511 513 509 512 511 513 513 512 512 512 511 510 510 514 510 512 514 514 513 515 515 517 520 519 524 524 525 527 535 549 549 564 574 583 600 633 665
512 516 518 514 513 512 513 514 518 516 516 515 518 519 518 518 526 530 532 535 539 540 556 562 574 594 610 625 676 713 745 841 909 999 1158 1245 1519 1746 2036 2462 3027
514 513 510 513 509 513 512 511 514 514 515 514 516 512 513 514 511 517 524 523 517 522 526 529 541 542 568 571 592 597 627 657 691 756 828 909 948 1106 1267 1449 1713
511 514 514 512 514 515 511 516 513 513 518 520 516 518 519 524 529 536 542 544 548 569 582 586 614 632 660 710 776 810 888 989 1146 1292 1478 1729 2055 2542 3025 3682 4384
516 514 513 514 514 513 514 510 511 511 516 515 514 511 512 513 515 511 516 516 520 522 517 516 518 524 530 535 538 547 549 564 576 576 593 638 657 698 738 798 864
510 508 510 513 514 510 511 512 515 512 512 515 517 516 516 514 515 517 514 517 520 518 521 523 530 538 544 551 559 569 577 602 610 667 688 755 758 851 971 1068 1221
510 513 514 511 510 512 513 509 515 514 512 511 514 515 519 514 519 517 518 523 521 524 532 532 548 554 552 577 587 603 638 677 731 780 842 975 1050 1238 1411 1587 1848
514 511 512 511 513 515 511 514 515 512 511 512 512 517 515 515 515 512 519 514 520 526 531 534 536 533 557 560 580 589 616 633 671 708 774 823 890 1009 1132 1273 1484
513 514 515 513 514 511 513 515 515 513 515 518 513 516 514 520 520 523 524 522 528 537 535 546 552 570 580 600 609 648 672 729 786 840 962 1045 1184 1362 1561 1852 2227
514 514 510 515 513 512 514 511 510 512 514 512 511 511 513 515 518 511 515 516 516 524 523 519 536 536 549 542 559 569 567 601 633 661 703 749 839 901 996 1096 1259
514 512 512 511 514 513 515 515 516 516 520 520 513 522 521 521 529 530 541 543 547 564 566 591 600 618 685 697 745 841 916 1060 1155 1350 1569 1757 2131 2615 3052 3777 4522
514 510 514 512 511 510 510 514 513 517 512 515 512 515 512 511 515 517 512 516 518 525 526 532 541 548 546 550 570 592 613 637 671 712 779 820 887 1027 1146 1265 1488
519 515 519 524 515 516 517 522 515 519 505 511 519 518 505 515 515 525 535 548 522 540 548 559 584 595 612 648 672 712 778 857 932 1037 1178 1310 1507 1804 2172 2477 3070
509 514 514 512 514 514 514 512 511 510 511 515 515 513 515 516 520 525 520 519 529 537 531 546 542 571 569 599 619 626 686 724 782 861 951 1051 1226 1387 1608 1924 2255
514 514 509 514 511 510 511 511 515 512 515 517 518 516 516 524 523 530 536 532 543 553 549 577 586 600 658 680 727 802 865 936 1033 1217 1362 1538 1766 2253 2666 3202 3817
512 514 515 511 515 509 516 514 510 516 510 515 520 520 517 515 527 526 523 527 539 544 561 558 593 601 619 630 661 726 798 845 954 1077 1188 1385 1590 1894 2224 2720 3198
514 512 511 510 513 514 510 510 511 513 510 512 511 516 516 516 516 515 523 523 521 520 532 532 537 541 551 566 571 600 629 664 715 725 784 854 980 1095 1191 1402 1671
511 513 514 511 511 513 510 511 511 514 512 515 513 514 512 511 514 515 511 515 516 515 519 521 526 527 538 540 549 551 560 568 598 618 651 689 735 795 807 939 1016
510 511 509 510 511 513 515 511 513 512 514 516 516 513 517 516 519 523 523 528 534 530 535 550 561 571 589 613 635 644 700 752 809 862 947 1106 1279 1449 1669 1942 2424
513 513 538 514 513 513 511 514 516 516 512 515 516 511 515 520 519 530 526 532 557 533 541 553 559 583 580 610 637 653 703 727 810 861 998 1077 1238 1373 1621 1898 2202
514 512 512 514 514 511 512 509 513 515 511 510 513 511 513 513 518 516 515 514 518 514 519 521 517 526 523 525 532 536 544 549 553 566 584 609 631 664 694 750 800
515 515 530 500 504 514 525 513 513 514 508 529 515 513 512 522 532 500 526 515 507 504 520 519 522 507 526 536 542 569 544 555 570 569 621 647 672 706 785 808 915
512 514 514 511 514 513 510 516 513 513 514 514 517 516 517 512 523 520 523 528 537 535 544 558 558 575 599 616 636 663 698 758 811 884 986 1081 1297 1449 1718 2082 2435
514 513 512 514 513 516 516 514 517 513 518 522 519 524 526 530 531 551 534 552 566 571 580 612 657 675 742 751 820 918 1031 1121 1297 1540 1787 2050 2566 3033 3650 4455 5490
515 516 513 513 511 510 513 515 514 512 515 517 515 514 515 520 515 521 522 523 528 525 534 537 544 554 562 578 593 614 652 683 731 755 856 910 1017 1223 1353 1502 1835
514 512 513 512 513 511 512 512 514 513 513 510 512 512 511 513 515 511 514 513 513 512 515 512 515 515 519 515 523 519 520 520 536 541 545 557 569 582 584 622 637
510 515 513 515 512 511 510 513 512 515 513 512 512 514 516 513 512 509 514 511 516 516 517 526 518 515 520 533 539 540 544 547 576 569 585 610 667 709 739 792 844
513 514 510 512 510 513 512 512 511 514 513 509 526 514 513 512 515 511 520 516 520 516 517 525 527 534 537 541 551 575 568 597 606 642 688 693 778 829 908 999 1114
509 512 513 516 512 512 511 515 515 509 513 516 512 520 512 515 515 516 517 526 528 521 536 533 543 558 559 584 594 604 633 655 725 751 812 903 1012 1172 1295 1566 1771
512 513 514 514 513 513 511 517 514 515 513 517 514 513 517 518 516 519 518 523 525 523 538 542 545 556 558 563 583 600 653 676 700 787 860 929 1034 1111 1341 1505 1806
511 513 511 511 511 510 513 511 509 510 512 506 512 510 508 511 511 512 512 515 512 513 511 514 514 519 518 515 518 519 518 519 542 541 538 545 557 575 586 607 624
510 514 512 513 515 512 512 513 514 512 512 513 514 513 517 516 519 519 527 524 527 536 547 543 560 572 586 604 620 658 686 719 786 885 959 1120 1235 1472 1710 2025 2326
510 509 508 509 514 513 516 515 515 509 513 514 515 511 512 512 514 515 517 524 520 520 527 534 535 549 558 580 571 582 613 638 680 734 750 856 885 1043 1182 1296 1504
507 513 514 511 514 514 510 512 512 514 515 513 515 517 517 516 515 518 518 531 522 527 529 530 534 550 568 579 586 593 631 644 700 737 799 862 923 1104 1231 1376 1667
515 511 490 512 511 513 512 514 511 514 503 512 502 514 515 514 516 519 520 517 523 528 528 542 533 527 553 560 574 595 631 640 679 700 750 821 900 1006 1132 1301 1512
511 515 510 513 513 510 512 510 513 513 510 512 516 515 513 518 514 517 521 522 525 524 530 529 534 548 548 561 567 598 616 639 664 728 778 858 922 1052 1172 1347 1554
509 512 511 511 512 517 511 515 512 515 512 509 511 512 511 514 514 514 516 513 512 515 518 520 519 527 526 533 537 545 542 566 592 601 634 653 681 717 766 852 941
512 514 512 512 510 514 515 512 510 512 517 512 515 513 515 516 514 522 519 520 525 526 531 532 524 537 554 567 569 597 607 643 679 715 767 829 934 1037 1137 1294 1530
512 512 512 514 515 511 516 515 517 519 525 523 522 527 536 531 542 541 553 566 583 599 608 643 662 703 768 837 909 1019 1147 1278 1488 1786 2121 2491 3041 3747 4530 5528 6825
514 515 511 515 514 515 512 513 514 514 513 517 515 521 518 525 531 525 532 545 540 546 561 583 608 609 653 662 705 778 859 942 1041 1167 1358 1579 1868 2254 2703 3186 3894
512 516 517 514 509 525 513 514 516 511 518 514 507 518 519 508 523 512 530 528 537 535 549 560 575 582 602 644 677 736 766 828 897 989 1125 1300 1497 1739 2060 2500 2987
517 513 518 515 512 517 516 520 521 518 520 524 522 530 534 529 552 563 566 573 602 623 649 723 748 782 913 961 1075 1197 1413 1614 1895 2317 2767 3423 4020 4986 6293 7591 9540
513 510 514 512 513 513 510 512 511 513 513 513 512 513 511 513 515 515 512 512 509 508 512 514 515 513 516 519 516 516 523 516 519 527 526 533 538 541 550 572 574
510 513 512 513 514 510 514 513 514 512 513 513 517 512 517 522 519 517 520 522 525 535 534 539 551 558 564 586 608 641 670 716 739 819 887 1006 1147 1322 1455 1796 2012
515 513 511 513 513 512 513 510 512 512 513 515 513 513 517 519 517 521 524 528 525 527 535 543 548 564 575 600 614 641 684 693 759 850 907 1051 1166 1389 1634 1829 2230
515 514 513 512 514 512 511 512 517 516 513 512 515 515 515 520 523 520 537 532 541 544 549 565 565 576 603 625 649 699 756 826 902 974 1145 1271 1481 1739 2054 2451 3020
511 516 514 514 513 513 514 513 513 513 513 513 516 515 515 519 516 519 524 520 522 528 540 537 551 545 565 580 613 635 646 714 727 785 876 984 1093 1243 1439 1690 2013
511 510 512 514 513 515 514 514 517 515 514 516 516 516 519 518 523 524 529 528 531 535 543 561 565 580 603 619 653 697 731 797 886 936 1062 1220 1386 1624 1846 2293 2622
511 513 513 512 511 515 511 515 514 513 511 514 512 513 511 515 511 512 513 515 512 514 521 517 520 525 525 528 534 538 544 558 567 582 591 607 660 676 719 774 864
510 510 511 513 515 511 510 514 514 514 510 513 510 512 512 514 513 515 517 518 516 518 521 520 528 526 533 541 545 554 578 582 604 612 657 696 708 782 850 958 1036
513 509 507 508 510 512 510 512 511 515 511 506 513 510 516 519 518 516 521 523 522 529 533 537 550 557 555 581 604 623 657 690 747 810 862 977 1086 1246 1432 1688 2059
510 510 511 512 513 510 518 513 514 513 513 513 516 514 514 517 515 514 513 519 519 520 518 522 524 534 535 538 544 553 571 574 599 590 629 663 723 753 824 910 1032
513 513 514 514 518 513 515 513 514 511 517 515 516 515 517 521 524 524 528 526 531 533 542 553 561 560 598 616 638 664 716 775 822 894 1013 1128 1292 1504 1703 2099 2468
510 512 510 511 513 513 515 515 511 515 513 516 516 518 517 515 518 521 522 520 529 531 535 529 542 548 552 561 582 602 604 653 681 730 778 828 942 1012 1174 1381 1589
510 508 512 515 513 512 515 513 513 513 515 515 520 521 518 521 520 527 527 531 544 540 550 577 574 592 617 640 683 734 795 868 938 1036 1171 1352 1626 1886 2267 2638 3244
511 514 513 513 512 509 515 511 510 515 513 510 511 511 514 513 516 516 516 515 515 516 516 517 520 529 530 534 536 550 538 565 579 590 605 650 679 719 763 820 913
514 515 515 515 514 515 513 513 516 519 519 522 522 525 533 536 548 555 565 593 598 606 645 677 728 747 872 960 1066 1196 1333 1630 1897 2198 2643 3193 3902 4818 5881 7567 8973
513 506 510 514 513 514 516 514 518 517 518 518 523 524 530 533 538 539 558 560 573 604 635 649 680 726 801 843 917 1048 1215 1384 1614 1864 2272 2647 3316 4000 4676 5818 7436
514 514 513 514 511 514 511 510 513 513 509 516 513 513 510 512 514 516 510 511 512 513 515 511 513 519 516 518 518 530 525 537 530 543 550 564 581 583 621 646 671
516 511 511 510 513 513 512 512 514 513 517 513 516 516 516 516 524 519 532 530 531 537 536 556 556 578 596 618 659 675 726 756 849 927 1037 1154 1314 1499 1835 2123 2650
512 513 512 511 513 514 510 513 512 510 513 514 514 517 517 514 521 521 521 521 526 529 532 540 553 562 583 596 619 638 680 719 767 821 896 983 1129 1331 1474 1787 2103
513 510 515 512 510 513 510 511 513 514 517 512 514 514 514 514 514 520 516 522 526 522 527 531 536 538 553 561 578 579 615 641 665 733 779 811 908 1040 1190 1293 1515
514 510 511 518 511 514 515 511 515 511 510 512 516 515 513 515 516 515 524 520 522 523 523 540 538 558 579 575 600 615 634 669 717 778 830 928 1036 1173 1358 1566 1799
517 514 514 513 512 513 513 511 514 513 515 512 513 513 514 512 514 512 520 517 520 519 525 522 529 540 535 543 552 559 572 590 609 636 681 721 762 820 923 1006 1160
515 511 511 512 511 512 509 511 516 512 513 514 511 515 513 514 514 516 514 517 514 520 524 523 529 531 539 543 559 571 575 590 609 632 668 718 761 853 941 1053 1147
514 513 513 513 510 512 513 511 511 512 509 513 517 511 514 518 517 520 517 521 520 521 521 533 537 541 546 560 592 587 610 625 667 717 752 826 917 982 1115 1297 1488
511 515 514 514 513 517 515 515 514 513 512 515 520 521 523 528 524 530 536 543 556 573 580 586 613 648 679 693 800 852 900 1035 1185 1350 1564 1822 2205 2646 3219 3856 4804
513 512 517 514 515 512 512 516 515 517 518 523 522 523 532 529 530 543 549 559 570 590 600 637 670 686 757 803 885 971 1122 1264 1442 1643 1968 2428 2883 3566 4311 5266 6457
513 513 512 512 510 513 513 513 511 510 509 513 511 515 510 514 513 516 516 518 519 519 525 524 525 530 528 538 541 545 567 592 595 621 650 687 726 795 880 965 1064
512 511 511 513 514 512 511 512 513 515 513 512 515 512 516 515 513 519 524 524 535 524 532 536 549 547 575 584 626 625 674 711 752 808 855 1066 1079 1305 1524 1800 2033
513 509 512 514 516 511 516 516 514 515 513 512 516 513 513 516 517 515 517 521 519 517 521 519 527 530 539 547 546 550 561 598 618 629 674 693 746 823 896 998 1109
511 513 512 512 514 515 517 510 512 511 517 514 512 518 516 514 516 516 525 521 525 529 542 535 558 562 572 602 627 640 678 734 773 898 975 1050 1203 1310 1556 1854 2177
515 517 511 513 514 512 513 514 512 514 519 515 515 514 519 523 523 529 529 538 546 547 557 570 576 584 608 640 693 706 749 779 897 944 1029 1178 1327 1494 1781 2065 2340
510 509 512 510 513 515 513 514 514 511 511 514 510 514 512 514 511 512 514 514 517 517 522 519 524 529 528 532 536 545 557 559 571 600 606 634 673 714 795 836 914
514 515 515 514 516 512 519 516 519 525 517 526 523 524 541 540 541 560 569 581 595 630 659 675 726 778 870 919 1070 1176 1412 1602 1921 2275 2730 3229 4056 4908 6196 7550 9431
514 512 511 513 511 514 512 516 515 513 513 514 511 512 513 518 517 519 515 525 525 524 526 529 544 554 560 553 580 589 606 632 674 721 786 823 928 1033 1128 1340 1548
514 513 510 511 517 513 511 516 516 514 514 519 516 519 519 528 525 528 535 543 542 554 562 580 587 605 667 659 718 795 848 935 1026 1206 1361 1616 1891 2183 2569 3191 3925
513 512 517 512 512 512 512 516 514 515 511 511 513 515 515 520 516 517 517 522 521 530 527 527 536 538 551 556 573 590 613 635 650 682 737 799 899 970 1091 1233 1414
513 514 513 510 515 510 515 516 511 515 515 514 512 515 514 513 513 512 514 512 513 513 513 516 521 517 515 517 524 517 527 520 535 527 540 548 553 573 590 603 620
514 513 514 516 507 515 512 512 512 513 516 514 517 517 516 514 518 519 523 520 524 539 538 531 554 573 579 596 612 666 691 745 788 858 966 1087 1279 1406 1661 2008 2334
512 513 516 512 514 514 511 521 514 514 515 515 516 518 516 524 529 530 546 539 547 559 572 588 615 615 671 700 747 799 899 986 1098 1249 1495 1684 2002 2280 2823 3505 4206
511 512 512 510 514 511 510 510 514 514 513 512 511 511 511 514 515 516 515 520 516 522 523 522 529 530 535 541 565 566 580 594 619 648 700 737 784 871 954 1124 1252
511 515 514 510 509 508 513 516 512 513 512 515 514 513 514 514 513 516 516 518 518 514 519 517 520 526 527 531 546 554 546 560 572 594 617 621 672 701 758 826 908
515 511 512 513 514 513 513 515 517 511 517 515 517 522 523 515 525 522 532 537 551 568 577 586 592 639 666 705 730 799 891 991 1096 1261 1471 1724 2043 2437 2874 3502 4328
508 515 513 515 515 512 511 513 514 512 514 513 509 515 511 515 511 512 513 517 516 512 513 519 515 516 522 527 525 535 527 540 559 558 578 586 599 630 660 696 745
514 513 513 513 511 515 515 512 516 513 512 516 517 518 514 517 517 522 525 525 523 530 529 535 544 553 556 573 596 611 634 651 710 743 815 881 995 1090 1305 1493 1670
514 512 512 515 511 514 512 514 516 512 513 518 513 516 519 519 517 521 524 525 529 532 543 535 548 566 567 590 604 637 671 711 760 814 879 995 1133 1246 1503 1653 2014
511 511 514 514 510 513 514 519 515 520 522 519 518 526 532 530 542 540 561 559 571 596 613 648 671 709 739 819 930 1010 1142 1287 1464 1784 2111 2498 3005 3729 4483 5526 6811
516 511 513 514 512 511 514 512 510 513 511 515 516 513 512 515 520 519 518 520 518 524 523 525 535 541 547 553 567 575 599 619 636 671 729 766 831 950 1047 1148 1384
512 521 513 516 518 513 513 514 506 517 513 520 522 521 522 527 536 544 544 561 577 577 603 638 646 689 748 756 884 961 1083 1217 1409 1634 1857 2270 2755 3221 3987 4885 5953
498 512 499 499 496 529 526 532 513 514 511 497 526 526 505 536 514 502 520 522 520 527 541 514 533 546 555 568 588 595 624 669 680 749 792 890 945 1071 1262 1433 1654
511 510 510 508 511 512 508 513 511 513 513 516 514 515 512 518 516 521 516 523 524 529 524 531 543 556 553 571 562 586 632 637 672 737 781 839 961 1046 1265 1448 1669
510 511 514 512 516 514 520 513 515 513 518 518 518 520 519 526 529 524 535 541 552 562 574 593 600 635 648 699 769 816 934 1042 1146 1306 1551 1801 2092 2548 3002 3702 4438
514 515 513 512 509 511 515 511 515 512 510 511 510 513 513 512 514 512 512 512 516 517 518 518 521 520 536 529 530 529 541 535 552 557 575 598 615 626 693 730 785
515 515 511 512 515 511 511 511 512 510 512 515 515 515 517 516 515 516 522 525 528 532 538 539 543 547 561 573 586 600 641 675 716 752 825 896 1025 1150 1288 1505 1793
513 517 513 513 511 510 513 513 511 514 510 511 513 512 512 514 516 511 514 511 517 511 517 516 514 523 517 521 521 524 524 533 544 550 562 562 570 591 617 647 697
508 514 515 515 515 514 512 523 517 518 519 517 523 529 539 542 555 556 571 601 618 636 687 739 720 846 952 1015 1173 1335 1544 1786 2220 2584 2984 3721 4725 5732 7051 8725 10974
