# Exposition en frﻠquence par image
0.0001250000
0.0001562500
0.0002000000
0.0002500000
0.0003125000
0.0004000000
0.0005000000
0.0006250000
0.0008000000
0.0010000000
0.0012500000
0.0015625000
0.0020000000
0.0025000000
0.0031250000
0.0040000000
0.0050000000
0.0062500000
0.0080000000
0.0100000000
0.0125000000
0.0166666667
0.0200000000
0.0250000000
0.0333333333
0.0400000000
0.0500000000
0.0666666667
0.0769230769
0.1000000000
0.1250000000
0.1666666667
0.2000000000
0.2500000000
0.3333333333
0.4000000000
0.5000000000
0.6250000000
0.8000000000
1.0000000000
1.3000000000
1.6000000000
2.0000000000
2.5000000000
3.2000000000
4.0000000000
5.0000000000
6.0000000000
8.0000000000
10.0000000000
13.0000000000
15.0000000000
20.0000000000
25.0000000000
30.0000000000
