# Exposition en frﻠquence par image
0.0001250000
0.0001562500
0.0002000000
0.0002500000
0.0003125000
0.0004000000
0.0005000000
0.0006250000
0.0008000000
0.0010000000
0.0012500000
0.0015625000
0.0020000001
0.0024999999
0.0031250000
0.0040000002
0.0049999999
0.0062500001
0.0080000004
0.0099999998
0.0125000002
0.0166666675
0.0199999996
0.0250000004
0.0333333351
0.0399999991
0.0500000007
0.0666666701
0.0769230798
0.1000000015
0.1250000000
0.1666666716
0.2000000030
0.2500000000
0.3333333433
0.4000000060
0.5000000000
0.6250000000
0.8000000119
1.0000000000
1.2999999523
1.6000000238
