# Matrice Z (100x52)
514 514 513 513 510 513 512 512 512 512 511 512 510 511 512 512 517 514 514 511 514 520 519 524 519 529 529 536 543 535 553 570 581 612 633 662 686 761 806 890 988 1108 1282 1492 1661 2011 2466 2937 3637 4288 5320 6497
514 514 515 514 512 516 510 515 512 515 516 516 513 516 515 515 518 520 523 531 533 533 542 538 550 565 566 583 615 637 648 704 755 825 866 1002 1143 1318 1430 1684 2096 2461 2999 3715 4386 5541 6717 8413 10551 12736 15938 16383
512 508 513 513 512 513 514 511 511 511 511 512 510 511 516 513 517 518 515 517 518 514 526 523 532 534 542 538 554 560 572 605 611 655 716 758 784 873 947 1063 1200 1358 1592 1909 2219 2717 3323 4057 4938 6245 7697 9518
506 513 513 513 510 513 511 510 514 511 515 514 512 513 513 516 511 512 511 511 512 512 514 513 515 513 513 516 517 522 523 527 528 539 548 545 547 564 586 609 610 647 694 740 770 836 924 1033 1157 1374 1590 1933
512 511 511 512 514 511 514 510 515 515 513 512 514 514 512 514 519 517 521 521 522 528 527 536 542 541 551 565 579 590 621 635 674 717 769 849 910 1011 1112 1340 1511 1783 2133 2574 3062 3755 4681 5710 7082 8744 10761 13559
516 511 522 503 516 515 518 526 520 518 526 529 536 534 544 549 552 568 584 582 623 621 698 728 769 885 954 1062 1199 1375 1588 1895 2267 2765 3228 4043 4964 6157 7577 9294 11558 14625 16383 16383 16382 16383 16383 16383 16382 16383 16383 16383
514 513 512 516 514 512 514 511 517 516 517 514 515 517 519 516 522 527 529 526 540 540 547 564 571 584 596 618 644 685 746 798 863 966 1062 1195 1359 1615 1885 2261 2642 3258 4011 4800 6010 7362 9111 11436 14252 16383 16383 16383
515 516 514 517 513 512 514 516 511 511 513 516 511 512 518 516 514 516 519 519 525 519 524 531 529 536 540 550 556 581 585 616 631 666 712 752 788 898 985 1089 1317 1460 1695 2046 2388 2850 3532 4306 5364 6676 8140 10246
521 517 522 522 523 533 536 544 556 563 576 589 607 629 679 705 762 806 918 1041 1131 1321 1500 1691 2058 2545 3086 3803 4484 5640 6965 8562 10807 13614 16383 16383 16383 16383 16383 16383 16383 16383 16383 16383 16383 16383 16383 16383 16383 16383 16383 16383
512 512 510 514 513 512 514 515 512 514 512 511 511 511 514 513 514 514 512 513 515 513 514 514 510 513 517 512 514 513 511 522 524 526 524 529 539 540 551 551 584 596 603 641 674 703 761 811 902 963 1138 1271
511 514 512 515 515 512 515 513 512 514 512 513 517 521 521 521 522 523 520 527 529 535 547 553 556 573 591 616 636 673 691 788 830 887 1021 1111 1289 1475 1725 2112 2491 2991 3596 4402 5407 6720 8540 10404 12889 16364 16383 16383
508 502 492 515 510 496 518 515 499 517 506 492 493 502 520 518 521 495 523 493 504 512 514 536 493 509 523 523 511 526 518 536 550 538 536 586 586 620 658 672 701 728 841 929 1010 1175 1376 1528 1820 2185 2545 3085
514 513 516 511 512 512 513 512 511 513 515 514 512 511 509 510 510 509 511 514 513 510 509 512 513 512 516 515 515 516 514 512 521 519 516 523 526 532 538 534 551 559 564 576 610 621 674 715 718 793 879 935
512 515 513 511 514 514 526 513 515 501 511 514 514 512 514 515 517 516 512 519 516 515 515 520 536 543 534 540 544 571 570 565 577 608 630 663 698 739 816 890 972 1104 1257 1363 1683 1934 2361 2851 3469 4329 5158 6414
516 514 513 511 516 515 515 516 517 519 521 529 528 532 542 543 543 559 578 591 610 636 664 718 745 793 897 957 1123 1223 1451 1682 1949 2442 2788 3390 4115 5089 6256 7748 9953 12898 14069 15547 16366 16367 16367 16367 16366 16367 16367 16367
511 513 512 511 512 513 510 513 514 510 516 516 513 517 519 516 524 525 518 529 529 538 544 543 549 570 580 606 630 656 682 746 835 874 975 1091 1210 1402 1614 1979 2371 2881 3396 4161 5136 6287 7817 9651 12006 14863 16266 16254
512 509 510 511 511 514 513 515 516 515 511 514 512 511 517 515 517 514 518 522 525 520 526 535 535 549 553 575 583 615 635 660 671 761 793 856 932 1083 1170 1425 1580 1908 2234 2748 3272 4050 4974 6182 7617 9435 11888 14450
511 509 512 514 511 511 513 515 513 514 514 512 512 515 516 519 519 516 521 522 517 517 527 525 533 534 545 555 557 590 599 615 657 664 719 768 851 941 1053 1172 1383 1570 1841 2216 2674 3231 3990 4751 5896 7310 9221 11290
513 513 511 515 512 513 513 514 514 512 512 512 512 516 511 518 515 517 518 517 515 521 526 521 528 537 544 550 558 559 574 592 613 637 672 735 781 830 911 1043 1159 1377 1581 1824 2144 2674 3223 3822 4687 5858 7260 9038
516 515 515 512 509 512 512 511 514 511 513 514 514 515 513 516 516 520 529 525 528 530 540 536 553 560 590 598 596 669 690 739 776 872 945 1068 1243 1401 1619 1924 2275 2696 3265 3985 4807 6117 7550 9318 11795 14732 16383 16383
510 512 513 514 511 514 512 513 511 511 515 515 512 513 513 514 521 518 522 521 520 520 527 530 531 538 548 560 583 584 603 646 658 709 747 799 914 1021 1172 1324 1475 1762 2163 2511 3102 3613 4582 5483 6867 8601 10777 13294
511 512 513 512 514 512 511 515 516 517 513 515 514 520 517 522 522 527 528 533 535 544 559 565 578 598 616 649 696 714 775 882 965 1024 1188 1360 1597 1924 2207 2698 3363 3909 4840 5955 7488 9206 11524 14454 16383 16383 16383 16383
517 512 512 517 514 512 513 511 513 514 513 515 520 521 520 516 521 523 524 541 541 557 563 558 570 601 621 659 670 739 790 829 939 1045 1182 1348 1552 1797 2244 2636 3195 3768 4686 5695 7166 8840 11221 13856 16383 16383 16383 16383
515 513 516 516 511 516 510 516 511 513 517 518 521 520 523 528 529 538 539 547 559 578 599 601 628 663 684 748 817 887 965 1108 1233 1431 1667 2018 2385 2901 3451 4351 5303 6546 8134 10201 12672 15729 16383 16383 16383 16383 16383 16383
511 515 511 516 517 518 515 523 517 518 525 526 532 533 534 549 546 553 569 583 599 623 659 683 720 812 887 1036 1103 1215 1432 1695 1984 2410 2868 3575 4312 5346 6608 8121 9969 12737 15637 16383 16383 16383 16383 16383 16383 16383 16383 16383
517 510 509 510 512 511 512 516 512 511 516 518 516 517 520 525 522 518 525 535 551 542 556 564 576 588 607 638 665 725 793 843 928 1031 1182 1359 1568 1829 2185 2619 3187 3787 4597 5767 7045 8822 10975 13693 16383 16383 16383 16383
510 510 513 512 515 512 509 512 512 510 516 514 514 512 515 516 515 518 517 520 521 523 527 534 536 545 548 559 560 595 598 636 667 702 747 837 903 962 1133 1313 1452 1749 2105 2434 2917 3534 4349 5365 6682 8268 10387 12777
515 513 514 513 513 511 516 513 512 514 515 511 514 512 510 514 514 515 512 514 513 515 514 514 518 514 516 520 516 520 522 525 522 533 536 535 553 557 566 579 603 648 670 697 751 796 890 1017 1132 1278 1413 1729
518 516 514 515 514 516 518 516 516 517 521 527 525 533 539 545 551 574 571 600 610 633 667 689 757 792 907 994 1098 1267 1489 1744 1971 2444 2831 3518 4291 5359 6657 8246 10106 12796 15863 16383 16383 16383 16383 16383 16383 16383 16383 16383
521 515 516 521 524 530 526 538 547 551 559 573 576 606 633 676 695 757 808 856 946 1084 1260 1474 1704 1960 2377 2797 3489 4187 5187 6339 7998 9870 12283 15525 16383 16382 16383 16383 16383 16383 16383 16383 16383 16383 16383 16383 16383 16383 16383 16383
510 510 514 513 515 512 513 512 514 514 511 517 515 513 514 515 513 518 516 525 525 528 530 544 548 549 559 586 594 655 648 680 729 797 876 945 1067 1185 1394 1652 1922 2385 2882 3514 4273 5358 6516 8081 9988 12351 14892 16383
515 512 508 513 513 509 513 513 515 511 510 512 512 512 509 516 514 514 516 516 515 518 518 526 528 538 536 541 546 559 572 600 618 629 658 700 775 832 890 1002 1160 1363 1504 1834 2159 2575 3102 3788 4526 5678 6927 8683
515 514 511 511 510 513 512 511 510 511 510 516 514 510 516 511 513 515 514 521 518 516 519 517 521 525 535 536 537 568 568 594 608 614 633 684 728 786 841 914 1035 1185 1419 1577 1837 2290 2617 3088 3934 4850 5868 7302
513 515 511 514 515 514 512 510 511 513 513 517 512 515 513 513 514 518 517 516 516 522 527 528 525 534 532 539 563 571 580 603 650 659 721 747 817 892 998 1131 1299 1493 1723 2075 2393 2953 3636 4427 5482 6632 8098 9991
515 513 512 511 511 513 514 514 514 513 514 512 513 514 514 513 516 515 511 511 515 520 523 520 521 532 529 536 547 553 556 571 596 605 626 646 710 747 812 889 998 1130 1275 1497 1707 2001 2454 2971 3591 4396 5334 6563
516 510 512 511 511 511 513 513 516 513 512 510 515 512 517 512 512 515 511 514 513 518 518 522 520 524 530 525 542 549 555 554 570 590 598 630 658 673 746 839 885 1018 1127 1273 1536 1663 2087 2440 2969 3601 4354 5430
512 512 511 516 514 516 515 513 508 513 515 513 514 514 515 513 518 519 519 514 518 518 535 525 535 533 540 546 561 573 588 608 618 685 708 724 818 889 988 1174 1272 1482 1719 2077 2365 2857 3517 4302 5262 6574 8135 10316
515 513 512 511 511 510 516 515 518 517 518 515 517 518 516 517 524 526 530 532 543 543 553 573 575 583 608 657 682 714 776 824 920 1035 1162 1351 1583 1818 2162 2655 3192 3827 4689 5922 7293 8939 11148 13974 16383 16383 16383 16383
512 514 513 514 513 512 510 514 513 511 513 511 512 514 515 515 511 509 515 517 516 512 514 517 517 517 519 524 526 529 537 541 547 560 586 595 616 631 675 724 773 829 915 1023 1104 1330 1535 1775 2140 2555 3039 3630
512 511 512 512 513 513 509 512 511 512 514 514 513 515 513 515 516 517 515 514 518 515 524 523 527 537 543 546 550 570 567 591 608 648 686 724 797 836 959 1040 1150 1348 1565 1856 2238 2705 3304 3940 4759 6017 7351 9147
508 511 515 514 516 514 516 515 517 515 515 514 521 519 522 522 524 524 539 538 534 550 560 567 590 610 607 657 697 720 804 888 966 1110 1228 1441 1732 1969 2377 2889 3427 4133 5085 6430 7695 9777 12152 15186 16383 16383 16383 16383
510 510 511 510 511 508 513 511 512 512 509 514 510 511 514 515 510 511 515 512 517 517 512 515 519 519 520 525 526 525 535 534 545 555 570 572 615 628 676 683 754 802 875 961 1117 1264 1458 1677 2048 2394 2944 3535
509 512 512 512 513 512 512 516 512 512 511 516 514 515 518 517 521 525 532 528 539 541 541 566 568 578 609 627 664 682 749 835 873 986 1108 1284 1468 1688 2059 2507 2925 3634 4421 5395 6791 8383 10325 12873 16126 16383 16383 16383
513 512 511 512 513 513 513 514 514 516 513 515 511 516 514 517 516 516 518 522 521 523 520 530 521 537 545 561 574 575 601 611 608 673 698 742 825 906 1022 1122 1260 1526 1750 2021 2462 2951 3644 4416 5368 6646 8006 9817
512 511 516 513 512 512 516 512 513 513 519 517 519 517 518 524 524 531 523 537 533 552 563 560 576 591 620 638 674 710 770 854 951 1045 1219 1422 1610 1921 2214 2681 3251 3943 4925 6076 7447 9243 11478 14394 16383 16383 16383 16383
511 511 513 512 509 514 515 511 512 515 513 515 515 514 518 518 520 521 521 528 528 528 538 541 553 555 567 591 610 625 661 695 750 832 909 999 1158 1246 1474 1701 2038 2436 2929 3585 4446 5473 6624 8347 10495 12993 16086 16383
517 512 510 515 512 509 511 514 511 510 516 511 512 514 515 512 512 514 515 511 512 510 516 517 515 513 518 518 525 524 529 538 534 546 564 559 585 601 614 636 672 711 782 852 930 1052 1200 1371 1560 1879 2199 2727
518 510 511 515 513 513 514 515 510 513 513 512 513 518 520 519 515 522 522 534 527 536 542 544 552 569 597 606 630 656 687 723 812 895 1001 1109 1254 1490 1732 2021 2403 2882 3362 4061 5043 6193 7715 9567 12066 14768 16292 16287
510 509 509 512 515 517 517 516 519 519 516 519 518 521 522 531 530 530 548 549 559 563 576 611 623 643 693 742 785 885 950 1065 1177 1371 1525 1952 2194 2702 3341 4073 4983 6000 7544 9406 11605 14505 16383 16383 16383 16383 16383 16383
510 515 513 511 513 518 513 511 516 513 514 515 511 514 517 516 516 514 518 523 524 533 523 532 530 533 555 548 570 586 591 608 647 692 748 777 845 944 1083 1199 1360 1580 1895 2171 2664 3294 3877 4727 5938 7316 9222 11309
517 515 517 516 515 512 511 516 515 517 516 525 529 536 530 545 550 560 575 586 611 633 673 699 737 803 919 995 1124 1244 1506 1706 2031 2432 2942 3610 4403 5482 6772 8367 10286 12941 16063 16383 16381 16377 16371 16383 16367 16367 16367 16367
519 511 512 513 515 516 515 513 513 514 516 518 517 520 523 531 534 534 533 550 558 568 588 614 619 670 689 755 802 875 996 1093 1235 1437 1686 1930 2291 2886 3429 4225 5283 6418 7934 9843 12343 15277 16383 16383 16383 16383 16383 16383
514 514 511 512 521 516 514 515 529 510 514 507 503 511 514 520 521 514 516 524 525 524 532 532 520 544 554 548 573 586 611 646 669 704 778 811 912 1005 1174 1315 1504 1821 2147 2538 3034 3762 4643 5628 7009 8566 10743 13250
513 513 509 515 514 511 510 512 515 513 516 514 511 511 516 514 515 516 518 520 524 526 532 531 539 541 546 566 570 595 608 646 671 734 749 806 926 988 1153 1335 1559 1820 2114 2559 3043 3756 4678 5650 7072 8533 10871 13458
512 509 514 513 513 513 512 519 521 520 523 529 524 526 536 541 542 552 564 580 604 615 640 677 710 775 830 924 1079 1170 1386 1619 1923 2231 2687 3256 3909 4867 5924 7392 9245 11447 14251 16383 16382 16383 16383 16383 16383 16383 16383 16383
512 512 513 511 511 512 513 512 515 519 517 517 520 521 528 533 536 541 548 559 582 597 632 639 684 729 783 879 966 1062 1207 1384 1644 1925 2258 2661 3173 3944 4994 6113 7384 9125 11662 14180 16382 16383 16383 16383 16382 16383 16383 16383
512 510 510 512 511 513 511 511 512 512 510 514 515 513 515 518 514 518 514 518 515 518 524 528 531 529 538 547 549 554 581 583 610 608 670 707 754 856 918 1037 1109 1282 1475 1771 2122 2495 3032 3841 4573 5604 6940 8619
511 514 510 513 512 513 512 510 512 513 516 516 514 518 516 518 518 516 523 526 530 537 543 554 554 579 591 603 612 652 725 766 840 904 1010 1149 1309 1514 1801 2125 2495 2941 3762 4494 5591 6958 8459 10576 13256 16276 16264 16250
516 514 513 510 513 510 513 513 513 510 511 515 511 512 515 514 514 514 516 516 514 520 519 522 527 530 540 536 547 550 551 579 606 620 635 668 730 774 812 942 1007 1093 1265 1526 1732 2062 2535 3063 3689 4578 5402 6735
511 513 513 512 512 514 512 513 512 513 514 516 514 515 510 515 516 518 519 526 523 524 529 540 542 556 563 585 597 593 652 668 734 775 846 935 1003 1144 1364 1493 1797 2254 2650 3197 3839 4786 5798 7197 8958 11254 14143 16383
510 509 514 511 512 513 512 511 512 512 514 512 515 513 512 511 515 512 513 517 516 516 524 523 523 528 529 536 536 545 541 568 562 598 619 659 670 692 765 839 902 1025 1190 1310 1552 1772 2142 2594 3168 3901 4777 5654
512 510 516 513 513 510 513 511 508 512 507 513 512 513 522 514 515 513 511 514 513 517 516 522 522 525 524 527 536 543 557 555 569 584 616 638 673 707 755 804 901 976 1179 1283 1509 1708 2062 2475 2980 3619 4532 5769
512 513 512 511 514 512 510 513 512 513 513 514 514 515 515 513 515 519 524 518 522 519 530 539 539 545 551 559 578 586 618 637 660 728 778 843 900 1014 1150 1270 1590 1813 2128 2524 3054 3827 4634 5700 7101 7715 9565 11855
512 513 512 512 512 517 512 515 516 514 514 516 514 521 517 517 521 523 522 530 532 538 548 563 562 588 597 626 645 689 717 809 832 995 1058 1207 1377 1591 1891 2261 2799 3262 4086 5073 6083 7744 9469 11872 14902 16383 16383 16383
514 511 515 514 512 509 509 512 508 512 508 512 511 516 515 512 514 519 518 517 515 521 527 529 538 532 540 556 571 588 592 633 649 667 739 788 863 926 1043 1191 1428 1609 1887 2199 2669 3313 3960 4814 5934 7200 9136 11400
516 512 516 510 517 517 520 522 521 522 524 530 531 544 547 552 557 574 611 616 654 711 725 796 876 949 1089 1198 1404 1644 1982 2279 2763 3395 4193 5053 6153 7920 9543 12068 15090 16382 16383 16383 16382 16383 16383 16383 16382 16383 16383 16383
510 512 517 520 516 514 514 520 521 515 527 533 533 531 540 545 558 579 585 635 632 670 715 746 838 912 1018 1171 1308 1541 1780 2135 2494 3115 3722 4685 5652 7053 8747 10939 13618 16382 16383 16383 16382 16383 16383 16383 16383 16383 16383 16383
509 513 510 512 514 514 510 512 517 514 512 521 514 511 514 513 520 519 517 519 528 532 534 530 542 559 562 569 583 628 654 681 707 771 810 944 1053 1151 1323 1488 1787 2094 2525 2967 3687 4482 5648 6869 8533 10610 13143 16383
511 512 517 514 514 513 514 518 513 519 518 514 519 517 514 518 526 529 539 531 532 545 551 569 568 606 611 635 668 704 769 832 894 986 1126 1280 1506 1739 2047 2416 2996 3611 4471 5517 6714 8277 10402 12732 16040 16383 16383 16383
511 516 510 510 515 515 512 511 513 516 510 512 515 510 512 510 515 513 513 511 516 514 515 518 514 519 521 522 521 524 528 530 541 542 557 575 586 598 604 654 688 718 802 834 967 1083 1186 1396 1591 1845 2204 2699
511 514 513 513 513 512 515 514 513 510 514 520 515 517 520 523 525 524 530 535 541 538 555 565 574 584 608 632 672 705 759 815 926 1003 1129 1288 1510 1819 2120 2572 3028 3694 4552 5679 7013 8481 10879 13460 16382 16382 16383 16383
514 513 511 513 512 512 515 515 514 513 516 518 520 523 521 520 531 535 537 544 560 565 595 618 635 655 688 774 849 905 1002 1111 1299 1479 1765 2041 2406 2976 3537 4444 5367 6717 8314 10157 12554 16104 16383 16383 16383 16383 16382 16379
514 512 511 514 514 518 512 514 513 516 514 515 511 516 521 524 520 532 533 537 545 551 561 574 575 615 632 655 721 768 826 903 1055 1157 1313 1543 1735 2179 2564 3084 3812 4605 5708 6943 8592 10761 13439 16383 16383 16383 16383 16383
511 514 516 512 512 511 516 512 511 518 518 518 520 517 517 523 524 523 526 528 535 544 544 563 579 588 619 639 699 747 783 817 930 995 1161 1338 1574 1817 2156 2597 3151 3732 4703 5649 7047 8892 10894 13786 16383 16383 16383 16383
514 512 512 517 516 515 513 516 515 514 519 519 519 524 521 530 532 539 542 555 553 571 588 613 631 663 719 765 828 916 1031 1124 1351 1544 1762 2144 2613 3135 3784 4536 5793 7016 8703 11029 13800 16383 16383 16383 16383 16383 16383 16383
512 509 508 511 514 510 515 515 514 515 512 512 511 512 512 514 519 516 512 516 515 522 522 527 526 538 537 556 566 568 583 612 625 668 696 757 832 905 979 1134 1279 1481 1727 2027 2416 3014 3611 4440 5544 6621 8216 10293
510 513 516 512 512 515 513 512 512 513 514 513 511 512 514 522 517 516 519 515 521 521 522 527 533 531 543 538 548 559 568 593 608 608 664 678 709 792 876 996 1109 1244 1400 1633 1953 2384 2802 3430 4100 5089 6229 7813
511 516 515 511 509 511 511 516 512 510 512 511 510 516 513 514 514 517 523 522 527 527 529 539 543 546 564 571 589 615 633 648 683 719 757 875 927 1077 1221 1339 1592 1875 2222 2637 3184 3878 4610 5700 6914 8346 10533 12870
511 510 514 514 514 514 510 514 515 515 513 515 511 513 517 517 517 516 521 519 524 527 528 534 545 534 550 573 574 612 633 650 721 748 818 884 982 1110 1287 1541 1670 2067 2424 2958 3535 4348 5323 6647 8309 10210 12753 15887
516 514 515 515 516 513 511 513 517 519 514 520 516 528 527 538 538 546 551 555 582 587 621 644 695 729 824 852 962 1071 1219 1384 1651 1886 2287 2736 3395 4016 4992 6182 7688 9433 11825 14730 16382 16383 16383 16383 16383 16383 16383 16383
512 514 515 518 515 520 527 519 523 520 525 531 542 542 550 557 578 600 589 619 658 695 750 774 870 961 1095 1231 1422 1569 1924 2308 2659 3387 4054 4960 6100 7605 9370 11713 14457 16383 16383 16383 16383 16383 16383 16383 16383 16383 16383 16383
513 510 513 514 517 512 515 512 515 511 515 519 515 514 512 515 519 527 518 528 532 536 539 539 554 556 572 598 606 641 662 712 737 827 926 1003 1186 1305 1466 1784 2080 2491 3104 3676 4433 5628 6937 8527 10928 13505 16383 16383
513 513 509 515 513 512 513 518 513 517 515 522 520 521 528 531 541 537 543 568 567 589 621 629 650 711 775 823 922 1009 1145 1327 1479 1762 2085 2524 2968 3651 4469 5519 6814 8413 10348 13241 16372 16383 16383 16383 16383 16383 16383 16383
515 514 515 516 514 513 516 512 511 514 515 513 513 513 513 514 513 516 516 518 520 521 521 532 530 533 544 541 562 564 576 596 607 648 668 745 781 859 929 1035 1199 1396 1607 1873 2310 2681 3211 3884 4970 5801 7188 8872
514 508 511 515 511 509 514 514 515 514 514 515 511 515 515 511 516 515 516 518 516 521 532 534 540 541 556 559 574 600 591 650 690 723 758 832 933 1055 1139 1313 1548 1836 2054 2535 3099 3705 4483 5630 6883 8639 10856 13527
513 540 545 515 513 515 512 543 512 512 515 533 512 518 513 539 520 539 519 520 528 524 529 539 540 561 570 578 588 607 644 676 730 807 877 955 1070 1179 1353 1643 1936 2164 2643 3160 3743 4869 5899 7162 9052 11317 14071 16383
510 516 511 511 513 513 514 512 510 514 514 514 512 514 510 512 512 512 512 513 511 514 515 515 512 512 512 513 512 519 517 516 516 519 522 520 519 518 527 532 536 546 541 569 582 591 623 661 697 733 794 843
512 513 513 511 509 513 508 512 511 510 513 511 512 513 514 513 514 516 516 520 523 523 531 537 539 537 543 560 568 592 597 620 650 708 747 823 904 1004 1155 1259 1504 1759 2061 2476 3013 3644 4440 5457 6689 8411 10513 12917
512 511 516 516 514 511 511 511 512 513 516 512 512 514 514 519 514 517 514 518 519 521 521 528 535 541 554 555 580 601 622 640 665 700 761 840 937 1005 1135 1272 1555 1780 2101 2493 3081 3726 4472 5618 6825 8433 10525 13043
511 513 512 510 509 512 513 514 513 514 510 513 514 514 514 513 516 514 514 516 516 517 518 523 528 526 526 535 536 536 550 551 568 589 589 626 665 701 750 810 907 990 1073 1249 1452 1696 1966 2335 2874 3487 4184 5138
511 512 514 514 512 511 513 511 512 514 513 511 514 514 515 512 513 516 514 517 520 522 523 524 526 531 537 546 558 562 584 607 613 646 672 733 783 862 962 1039 1204 1420 1612 1904 2259 2723 3328 4085 4952 5928 7643 9757
510 513 515 513 515 512 512 512 511 513 512 516 515 515 517 513 512 519 513 517 519 519 523 521 529 528 536 543 549 558 576 587 617 644 674 700 764 846 906 1004 1115 1255 1534 1853 2128 2552 3082 3735 4491 5645 7036 8662
515 512 510 511 513 511 513 512 510 514 514 516 510 517 512 512 514 514 517 519 514 524 517 527 529 540 548 546 564 576 602 618 636 677 712 770 857 928 1020 1188 1364 1562 1804 2181 2527 3069 3785 4691 5861 7141 8857 11031
512 515 513 513 512 513 515 511 512 515 511 510 509 517 515 510 515 517 517 511 517 515 516 519 523 521 523 525 524 541 546 554 571 576 595 626 640 688 715 785 846 928 1057 1158 1342 1571 1725 2159 2607 3155 3869 4686
511 511 520 510 509 512 514 511 516 515 516 520 513 515 511 515 512 521 523 517 512 516 524 532 538 540 537 561 564 576 596 625 637 682 717 759 833 937 1051 1145 1338 1571 1901 2195 2619 3208 3909 4803 5861 7401 8997 11356
514 516 515 513 509 516 512 511 516 512 511 518 518 518 521 522 523 537 529 549 553 548 564 575 590 621 645 667 715 796 861 966 1059 1186 1380 1630 1896 2242 2679 3246 3988 4848 6058 7651 9378 11853 14716 16383 16383 16383 16383 16383
517 514 509 508 511 516 512 510 515 512 514 511 517 514 510 514 516 518 521 519 517 526 523 535 541 538 542 570 591 603 607 653 670 741 808 851 951 1069 1163 1347 1514 1795 2090 2650 3200 3884 4713 5842 7208 9017 11225 13933
509 513 513 513 510 514 511 514 513 512 512 513 508 510 513 514 513 513 513 515 511 514 514 513 513 512 517 511 519 524 525 524 531 536 552 561 576 587 610 628 675 691 756 821 908 1044 1137 1272 1462 1724 2066 2469
511 511 511 510 508 511 512 512 515 510 514 514 515 513 516 512 514 513 514 519 516 523 525 525 527 540 549 553 566 568 589 618 649 686 706 769 819 949 1054 1183 1333 1562 1815 2214 2532 3101 3709 4589 5737 6965 8775 11014
511 513 515 511 511 513 513 514 514 513 513 512 510 511 512 510 516 514 512 515 511 509 515 514 513 518 517 521 519 525 528 530 529 538 543 542 560 570 597 606 628 684 699 791 849 911 1017 1156 1382 1494 1796 2169
