# Matrice Z (100x55)
512 512 514 513 511 510 513 514 518 515 514 516 513 514 510 514 511 511 511 516 515 516 517 523 523 525 527 533 538 537 551 567 576 597 622 649 694 736 803 864 941 1050 1164 1410 1578 1868 2216 2706 3205 3983 4778 6031 7268 9147 11257
513 516 516 513 516 518 514 520 519 523 518 530 524 529 536 533 548 565 566 581 599 639 657 710 769 837 931 1026 1169 1345 1567 1763 2172 2501 3108 3691 4610 5661 7003 8632 10710 13290 16382 16383 16379 16374 16368 16383 16368 16368 16368 16368 16367 16383 16368
512 506 509 509 512 510 510 511 509 510 511 510 512 512 513 515 512 513 514 518 516 515 517 521 522 527 528 530 530 537 548 554 562 573 602 641 663 707 740 839 889 955 1097 1238 1457 1668 1969 2377 2839 3489 4244 5077 6434 7909 9607
513 511 511 514 514 512 511 515 515 513 514 517 515 515 518 519 515 523 522 526 530 530 535 544 553 565 576 583 601 629 663 679 732 822 897 978 1126 1248 1361 1697 2017 2243 2772 3349 4248 4907 6404 7438 9343 12947 15568 16367 16365 16368 16367
513 510 513 514 511 512 511 511 513 511 510 513 513 512 513 514 513 510 518 517 515 515 514 519 523 525 523 524 527 539 542 563 559 580 595 614 643 703 749 795 854 981 1091 1214 1468 1618 1992 2401 2809 3469 4221 5229 6375 7857 9889
514 510 511 510 513 511 515 514 513 513 512 510 514 515 515 513 516 515 516 516 519 516 519 525 522 534 528 537 539 552 564 584 597 622 656 692 731 792 864 977 1091 1199 1404 1624 1904 2305 2666 3243 4021 4970 6061 7639 9242 11769 14665
513 511 512 511 511 515 514 512 510 513 512 513 511 512 515 514 516 515 518 516 525 525 530 537 546 560 564 570 586 597 653 670 725 772 861 899 1061 1190 1351 1474 1794 2198 2637 3070 3830 4658 5754 7021 8751 10793 13418 16383 16382 16383 16383
514 515 515 514 512 511 514 515 515 514 516 512 515 516 515 513 519 519 524 532 522 534 538 542 555 553 571 576 615 633 649 717 752 797 908 975 1106 1232 1382 1696 1939 2322 2748 3328 4012 4850 5756 7217 8985 11558 16359 16383 16382 16383 16383
510 515 512 514 513 513 515 509 511 513 513 513 508 513 519 516 511 514 513 515 512 514 520 516 520 528 532 537 535 541 549 561 572 592 605 639 691 720 785 829 922 1046 1143 1352 1525 1869 2196 2601 3167 3915 4693 5852 7259 8910 11079
512 514 511 511 514 516 510 515 512 514 512 512 514 518 517 526 520 531 522 539 537 554 565 565 601 596 639 668 683 736 802 870 989 1104 1272 1449 1667 1952 2344 2807 3457 4310 5175 6354 7984 9760 12306 15329 16382 16383 16383 16383 16382 16383 16383
515 516 516 515 519 519 518 522 532 522 532 537 547 558 563 579 595 627 652 686 746 816 902 940 1063 1268 1386 1698 2013 2398 2874 3492 4234 5237 6541 8028 9984 12397 15396 16383 16382 16382 16383 16383 16382 16383 16383 16383 16383 16383 16383 16383 16382 16383 16383
512 512 510 512 511 510 514 512 512 512 515 517 514 515 516 520 520 521 526 524 535 531 543 542 549 569 583 588 607 649 695 700 772 832 920 1016 1131 1297 1517 1761 2115 2563 3097 3754 4534 5561 6995 8651 10604 13433 16383 16383 16382 16383 16383
513 513 515 514 515 512 511 512 512 509 512 515 512 514 511 513 517 512 513 514 513 513 518 517 516 521 525 526 524 531 530 537 548 565 564 580 579 614 647 670 706 767 852 908 1021 1168 1321 1516 1818 2167 2575 3112 3746 4581 5682
510 511 512 513 513 515 513 513 512 513 514 510 511 515 511 511 513 513 515 519 514 518 517 517 522 528 524 530 538 538 559 561 566 576 621 649 688 735 774 869 923 1050 1161 1332 1594 1811 2086 2603 3103 3819 4711 5821 7179 8881 11162
512 514 513 512 514 515 515 516 513 516 515 516 516 520 519 517 522 524 525 528 539 542 557 568 566 604 610 620 663 707 764 841 885 962 1147 1308 1505 1813 2168 2514 3002 3678 4525 5600 7048 8519 10504 13189 16383 16383 16383 16383 16383 16383 16383
511 515 511 520 510 515 515 513 511 512 506 515 512 511 516 515 516 518 516 520 521 526 529 535 543 548 556 568 594 593 623 649 672 739 797 871 949 1048 1182 1434 1597 1961 2357 2841 3464 4246 5039 6143 7772 9690 12189 15028 16371 16383 16371
509 515 521 513 511 511 510 511 516 511 514 513 512 513 511 518 512 516 515 518 512 517 515 519 522 518 522 524 524 529 530 541 540 549 550 562 567 587 622 658 685 714 793 886 949 1073 1182 1431 1674 1941 2272 2746 3435 3997 4936
514 509 511 509 512 513 516 512 514 512 516 520 510 513 514 516 516 517 520 529 524 537 536 547 555 565 577 594 616 640 670 716 768 825 910 1028 1173 1340 1543 1834 2106 2545 3118 3702 4638 5528 6897 8591 10790 13318 16383 16383 16382 16383 16383
516 516 511 509 513 512 514 511 514 514 516 523 515 516 517 520 518 520 521 528 532 537 548 553 561 578 595 619 643 685 724 778 831 933 1029 1141 1297 1547 1775 2104 2555 3056 3745 4666 5620 7049 8788 10943 13809 16378 16377 16375 16368 16383 16365
516 511 514 513 514 514 512 512 515 516 512 516 516 512 515 512 512 517 516 513 516 516 514 522 519 525 520 524 528 530 541 543 553 551 565 582 614 636 675 707 765 806 889 988 1118 1259 1446 1678 2057 2474 2942 3538 4485 5340 6730
513 514 512 512 514 513 511 513 515 513 514 513 513 516 514 521 519 519 526 525 530 528 534 546 546 562 587 586 634 638 682 706 796 847 937 1018 1207 1385 1582 1909 2316 2663 3256 3967 4854 5952 7354 9164 11552 14419 16383 16383 16382 16383 16383
512 511 515 511 514 512 511 513 514 515 513 513 514 515 515 514 519 514 521 526 522 522 529 533 542 549 547 564 573 586 629 630 667 705 774 793 853 944 1057 1231 1393 1562 1826 2146 2620 3067 3677 4498 5522 7069 9391 12224 16196 16383 16383
513 511 510 514 513 513 508 512 511 511 512 514 512 511 510 516 512 510 511 515 510 512 510 509 513 513 513 513 520 512 515 517 517 524 522 526 525 536 539 549 563 561 569 599 614 644 679 738 770 866 966 1030 1195 1392 1668
511 513 510 514 512 511 513 514 513 516 510 513 513 512 510 513 511 518 513 516 514 518 519 523 517 522 522 532 541 542 551 558 585 577 616 634 687 709 776 849 914 1033 1137 1312 1540 1838 2131 2561 3090 3801 4651 5664 6921 8619 10890
511 513 511 510 514 514 511 511 516 513 513 511 512 515 512 517 515 519 518 521 522 526 534 539 542 545 556 550 590 606 620 655 689 757 794 856 985 1109 1264 1417 1713 1980 2435 2990 3433 4249 5293 6385 7886 9997 12490 15575 16382 16383 16383
513 512 511 513 510 513 515 510 512 510 517 513 510 514 513 513 514 513 514 512 513 518 514 518 518 513 519 518 524 526 534 540 545 536 548 573 579 591 617 631 663 710 773 858 906 1010 1121 1296 1573 1779 2162 2539 3108 3667 4572
514 510 511 513 514 515 515 514 515 517 517 519 522 522 526 530 544 541 553 565 570 591 606 651 666 714 768 822 897 987 1107 1307 1532 1704 2070 2467 3028 3606 4450 5517 6757 8355 10358 12842 16119 16383 16383 16383 16382 16383 16383 16383 16382 16383 16383
511 514 515 518 517 515 511 510 515 515 512 514 515 518 520 519 522 529 530 535 550 548 558 569 585 607 649 663 696 761 801 876 952 1063 1222 1413 1691 1950 2301 2665 3218 3874 4912 5975 7390 9076 11197 13737 16383 16383 16383 16383 16382 16383 16383
513 514 514 515 513 517 513 516 515 526 522 525 526 535 530 543 548 569 581 600 624 641 700 717 764 866 964 1056 1215 1361 1594 1943 2231 2699 3136 3874 4788 6236 7374 9234 11622 14376 16383 16383 16383 16383 16383 16383 16383 16383 16383 16383 16382 16383 16383
514 515 512 512 513 514 512 511 512 510 510 514 515 514 518 516 513 519 520 515 518 523 522 530 535 531 549 556 553 576 589 609 631 658 676 741 803 878 956 1088 1200 1378 1517 1811 2055 2367 2752 3170 3640 3894 4001 4149 4422 4450 4244
514 510 514 510 515 515 509 510 515 512 512 517 517 515 516 521 521 522 518 523 528 530 540 549 550 562 580 598 630 637 689 743 761 848 956 1060 1188 1398 1593 1915 2235 2733 3349 4099 4858 5946 7433 9243 11445 14251 16383 16383 16382 16383 16383
510 511 514 513 513 513 511 510 512 511 511 510 514 515 511 513 515 512 514 514 516 514 513 515 515 516 519 520 523 521 526 525 530 540 546 552 562 576 596 603 631 654 722 759 855 904 1015 1172 1265 1489 1829 2118 2577 3003 3666
510 513 508 511 511 514 516 512 518 514 519 522 521 530 524 530 535 536 556 557 568 601 613 649 699 735 763 905 919 1044 1226 1400 1608 1894 2261 2669 3263 4039 5027 6106 7430 9198 11683 14522 16382 16382 16383 16383 16382 16382 16383 16382 16382 16383 16382
513 511 516 511 513 510 513 515 516 511 511 518 518 520 515 521 520 524 529 529 540 544 548 562 573 577 615 624 671 698 745 826 872 999 1131 1268 1453 1681 2011 2379 2877 3538 4318 5338 6572 7953 10167 12613 15956 16383 16383 16383 16382 16383 16383
514 511 512 513 513 513 514 514 514 511 515 515 517 519 514 519 518 520 527 531 528 525 541 554 551 574 584 601 628 657 692 743 794 868 976 1079 1201 1406 1653 1941 2288 2767 3294 3986 5065 6208 7611 9340 11954 14938 16383 16383 16382 16383 16383
510 512 512 515 517 513 511 512 511 515 513 510 512 512 514 512 514 510 510 514 512 512 513 513 513 514 513 516 514 512 515 516 513 515 518 524 527 523 531 541 538 546 557 575 584 599 626 666 712 735 810 912 986 1092 1241
512 510 514 514 512 512 512 516 511 514 515 513 513 514 512 515 513 516 516 518 517 523 526 524 534 543 543 552 567 566 577 617 641 653 718 781 868 915 990 1175 1328 1541 1815 2136 2600 3118 3718 4597 5584 6801 8441 10045 11923 14138 15858
515 513 508 515 516 516 513 521 521 515 517 520 522 522 528 540 540 546 560 580 594 621 646 687 712 760 845 914 1050 1163 1326 1592 1784 2215 2679 3275 3941 4824 5917 7332 9000 11152 14042 16383 16383 16383 16383 16383 16383 16383 16383 16383 16383 16383 16383
516 513 513 515 512 510 511 514 511 510 513 511 513 513 514 510 515 512 514 514 515 515 525 522 521 522 529 530 531 546 549 571 574 607 623 638 687 718 791 830 938 1017 1178 1299 1583 1870 2109 2596 3142 3809 4703 5739 7036 8785 10969
512 508 515 509 511 512 511 512 515 513 514 515 515 512 512 515 514 516 516 520 516 519 522 528 525 530 537 538 554 575 599 596 630 649 681 711 785 855 934 1024 1185 1343 1519 1854 2212 2627 3265 3993 4796 5827 7363 9157 11342 14199 16383
511 510 511 506 511 513 511 514 513 514 517 514 514 519 520 522 521 528 529 535 547 543 561 585 594 614 635 673 723 765 845 926 980 1169 1296 1499 1837 2077 2519 3104 3797 4567 5656 7033 8785 10912 13429 16383 16383 16383 16383 16383 16383 16383 16383
514 512 516 512 513 512 516 513 514 513 511 509 510 512 510 509 512 514 513 516 516 513 520 517 519 521 521 526 533 534 545 558 565 582 576 610 628 652 703 751 811 934 985 1093 1281 1501 1725 2011 2412 3002 3599 4374 5384 6696 8329
512 516 514 512 513 511 515 516 517 513 513 519 519 516 519 521 524 533 532 534 544 546 559 565 589 613 630 660 697 763 819 897 992 1116 1264 1434 1711 2008 2440 2956 3492 4241 5315 6451 8093 9932 12502 15970 16366 16367 16367 16367 16365 16368 16367
513 513 513 515 516 516 514 514 516 516 518 515 514 523 520 524 525 534 528 540 557 560 564 587 589 623 662 694 731 771 873 934 1090 1227 1434 1668 2037 2347 2829 3442 4342 5049 6341 7886 9918 12304 15385 16383 16383 16383 16383 16383 16383 16383 16383
513 515 518 518 522 519 517 522 530 535 540 559 552 576 589 598 631 658 697 767 813 903 978 1089 1233 1453 1727 2018 2381 2814 3465 4356 5248 6530 8118 10016 12552 15527 16274 16261 16238 16210 16190 16383 16190 16191 16191 16383 16190 16191 16191 16191 16190 16191 16191
513 516 515 511 513 514 513 514 516 510 514 510 513 515 515 515 518 513 513 516 520 518 517 520 529 534 536 537 544 561 566 572 586 619 657 679 718 765 832 896 1036 1161 1316 1566 1872 2128 2599 3128 3775 4713 5763 7073 8850 10908 13747
510 512 514 512 510 515 510 509 517 513 511 514 516 514 514 522 517 522 525 525 535 536 536 555 571 574 583 605 613 662 717 766 847 928 1027 1121 1282 1521 1787 2081 2525 3112 3790 4540 5622 6887 8604 10583 13409 16369 16370 16371 16369 16383 16368
514 515 514 515 514 512 514 514 512 511 517 514 517 513 522 515 516 523 522 521 522 519 526 532 539 545 548 568 580 599 616 662 676 714 763 856 948 1068 1172 1350 1544 1846 2227 2606 3180 3836 4747 5985 7145 8986 11095 13960 16274 16263 16383
519 519 518 521 519 534 529 533 533 553 551 576 585 611 639 635 687 742 793 911 986 1130 1218 1409 1677 2029 2439 2889 3468 4309 5161 6465 7926 9965 12390 15435 16382 16382 16383 16382 16381 16382 16382 16383 16382 16383 16383 16383 16382 16383 16383 16383 16382 16383 16383
511 516 514 512 512 513 513 518 514 513 515 516 520 518 521 523 526 529 537 534 548 551 569 572 593 613 649 662 715 775 842 933 1039 1175 1357 1593 1837 2239 2619 3160 3939 4769 5865 7193 8869 11133 13782 16383 16382 16383 16383 16383 16382 16383 16383
512 515 513 512 513 510 514 511 513 512 514 515 513 515 516 515 514 514 515 522 515 519 524 530 526 526 533 542 557 559 584 598 629 660 675 724 764 858 937 1058 1176 1352 1548 1806 2173 2575 3228 3923 4675 5774 7231 9002 11133 14076 16383
512 516 511 507 512 514 512 513 517 516 511 515 517 515 515 515 516 514 518 518 530 524 526 529 531 536 539 570 559 575 588 598 629 667 701 725 796 880 990 1100 1230 1400 1677 1965 2383 2784 3406 4134 5108 6377 7892 9763 12321 15295 16383
515 511 512 514 514 513 514 517 513 513 513 512 517 519 524 526 524 536 542 551 566 558 582 590 611 654 678 729 799 911 965 1096 1262 1426 1636 1987 2329 2842 3448 4178 5137 6324 7840 9768 12300 15483 16383 16383 16383 16383 16383 16383 16382 16383 16383
514 508 512 512 512 512 513 514 512 512 512 512 515 518 519 513 516 514 523 526 524 533 534 546 551 561 567 594 601 647 711 720 764 841 948 1052 1198 1388 1588 1833 2213 2620 3235 3933 4763 5890 7283 9360 11405 14159 16383 16383 16382 16383 16383
512 514 513 513 511 511 511 511 513 512 512 512 512 511 511 515 512 513 510 514 517 517 513 517 515 514 517 517 519 528 529 531 538 540 552 564 581 591 618 654 677 724 763 863 934 1067 1189 1366 1580 1910 2245 2735 3173 3875 4853
514 512 514 513 512 514 510 517 513 517 516 517 517 518 520 515 524 521 526 532 537 538 560 549 573 578 594 620 659 702 727 820 876 953 1139 1229 1402 1670 1924 2237 2761 3404 4223 5004 6245 7713 9566 11868 14862 16382 16382 16379 16373 16383 16370
515 515 513 512 516 513 515 518 516 514 519 523 524 530 530 534 527 536 539 551 565 588 586 615 652 673 749 795 867 964 1065 1212 1380 1596 1870 2193 2702 3212 3965 4816 5840 7409 9156 11533 14269 16383 16383 16383 16383 16383 16383 16383 16383 16383 16383
510 511 512 511 510 515 513 513 512 515 514 514 512 513 517 513 513 517 519 520 527 533 533 537 542 539 551 567 592 591 641 657 698 762 814 878 998 1080 1243 1437 1652 1880 2305 2778 3311 4095 5031 6119 7541 9484 11207 14147 16383 16383 16383
513 510 513 512 513 518 514 519 520 518 522 522 530 531 540 545 555 579 570 605 627 678 680 761 827 882 978 1139 1312 1458 1712 2013 2397 2919 3564 4371 5441 6687 8106 10212 12845 15880 16383 16383 16382 16383 16383 16383 16382 16383 16383 16383 16382 16383 16383
513 513 512 512 513 516 512 514 510 514 514 514 516 517 519 516 523 526 524 529 540 535 548 575 578 588 627 640 678 742 783 865 948 1080 1187 1396 1594 1913 2277 2703 3279 4005 4865 6045 7583 9308 11524 14530 16383 16383 16383 16383 16383 16383 16383
512 514 511 515 512 514 511 516 511 514 517 518 510 521 519 521 524 525 537 537 550 560 579 582 598 632 646 686 738 821 855 983 1145 1261 1489 1701 2002 2470 2893 3625 4411 5454 6690 8434 10198 12779 16161 16383 16383 16383 16383 16382 16376 16383 16371
514 516 514 512 512 514 513 514 512 512 512 513 515 520 516 515 519 518 518 528 524 527 531 533 542 564 559 583 582 608 647 676 697 763 826 932 1011 1165 1365 1510 1735 2083 2556 3024 3659 4605 5641 6914 8530 10664 13055 16317 16365 16368 16367
512 510 509 511 516 512 510 512 515 515 513 512 511 512 514 517 518 519 516 525 525 527 527 543 547 559 559 579 597 616 643 666 701 749 834 937 1024 1144 1306 1547 1769 2104 2424 3028 3695 4521 5628 6706 8572 10512 13136 16383 16382 16383 16383
513 510 513 516 508 510 511 513 512 510 513 512 514 513 513 512 511 511 517 515 517 514 519 520 524 521 524 539 536 553 540 572 577 586 631 650 682 700 781 845 924 1017 1189 1379 1553 1772 2144 2594 3182 3853 4742 5626 7081 8765 11032
514 514 516 514 512 511 514 515 511 513 510 517 517 519 518 517 516 518 516 520 528 525 525 534 534 548 572 569 580 599 621 653 686 718 800 882 982 1053 1202 1384 1621 1914 2300 2824 3358 4091 5075 6185 7685 9607 11812 14716 16268 16254 16232
510 512 513 513 514 515 515 514 512 512 510 518 516 522 518 525 526 524 534 535 537 549 570 568 601 615 682 679 739 818 852 952 1062 1212 1399 1630 1854 2235 2751 3272 4099 4970 6292 7681 9665 11899 14918 16383 16382 16383 16383 16383 16382 16383 16383
511 511 513 512 513 515 513 514 516 516 516 518 517 521 519 520 523 522 522 535 540 553 563 581 584 602 629 668 710 755 812 868 975 1117 1249 1444 1667 1954 2376 2831 3494 4274 5193 6434 8014 10011 12581 15485 16383 16383 16383 16383 16383 16383 16383
513 512 511 512 511 511 512 512 516 514 511 510 515 512 514 512 515 514 520 523 521 523 526 530 537 543 536 567 578 595 615 634 669 715 771 805 886 999 1134 1286 1488 1729 2042 2450 3009 3620 4434 5558 6841 8331 10240 13054 16347 16383 16383
511 514 511 515 515 515 510 513 511 516 515 518 518 519 517 522 524 527 526 528 539 546 552 557 577 580 597 641 678 692 741 772 895 976 1096 1261 1406 1702 2019 2402 2931 3570 4450 5339 6584 8334 10195 12481 15502 16383 16383 16383 16383 16383 16383
512 508 515 512 510 512 513 517 515 512 513 516 510 515 514 517 521 527 530 525 536 544 542 558 571 593 605 643 675 707 759 811 914 1010 1109 1256 1502 1708 2092 2496 3042 3585 4542 5432 6633 8374 10380 12995 16243 16383 16383 16383 16383 16383 16383
509 514 514 510 515 514 514 516 512 518 513 516 513 520 518 517 519 520 518 528 525 533 532 542 550 556 585 589 611 631 686 715 737 813 899 1009 1160 1275 1514 1723 2029 2399 2953 3570 4291 5373 6678 8329 10141 12806 15854 16383 16383 16383 16383
514 513 511 515 517 515 518 515 521 520 519 523 532 533 541 547 557 559 577 586 613 622 671 702 752 786 873 995 1101 1241 1414 1698 2038 2343 2901 3507 4265 5355 6594 8173 10043 12654 15642 16383 16382 16383 16383 16383 16383 16383 16383 16383 16382 16383 16383
514 515 509 515 513 514 512 513 513 514 512 514 513 514 515 516 516 515 515 518 520 527 527 527 531 538 548 552 581 583 595 630 660 713 735 765 905 986 1126 1304 1423 1743 2040 2397 2916 3594 4341 5446 6461 8119 10139 12786 15979 16383 16383
511 512 512 512 514 516 511 513 514 516 519 515 520 521 531 535 537 548 557 566 570 598 610 643 667 701 765 848 927 1063 1191 1324 1613 1878 2247 2713 3299 4043 4908 6211 7562 9409 11906 14764 16382 16383 16383 16383 16383 16383 16383 16383 16382 16383 16383
515 516 510 509 513 513 516 513 516 511 510 513 509 516 511 512 514 506 515 517 520 524 532 529 531 540 541 549 556 576 599 605 642 674 717 760 825 919 1000 1127 1332 1486 1755 2123 2584 2979 3645 4468 5464 7055 8499 10621 13307 16383 16383
513 512 513 513 512 514 512 514 514 513 510 514 514 516 516 517 519 519 522 524 527 534 533 539 547 554 566 584 590 629 634 675 731 792 859 957 1077 1201 1387 1601 1914 2270 2701 3203 3893 4838 5903 7342 9309 11427 14305 16367 16365 16368 16367
514 515 514 512 515 510 513 508 514 514 513 515 513 514 515 513 513 513 510 516 515 514 516 515 519 513 521 519 525 521 529 528 534 552 553 557 573 572 607 642 671 708 772 826 928 1014 1157 1320 1526 1803 2120 2615 3109 3820 4441
513 512 510 511 511 512 512 514 517 512 516 514 515 513 515 515 515 524 521 523 524 524 532 533 551 553 554 568 578 604 630 655 695 747 835 879 960 1061 1283 1424 1677 2007 2433 2802 3500 4265 5241 6523 7944 10030 12705 16183 16367 16383 16361
514 520 513 510 511 510 513 511 515 513 513 516 513 518 513 519 512 514 514 515 515 513 517 524 516 517 518 520 523 519 527 537 547 555 563 571 580 598 634 649 688 728 819 887 951 1051 1233 1413 1679 1946 2363 2808 3433 4100 5104
510 512 508 516 509 514 511 515 516 513 516 521 520 521 524 527 526 540 547 580 571 586 595 614 654 671 723 790 879 966 1055 1236 1362 1645 1928 2338 2753 3338 4179 5044 6234 7732 9662 11972 15136 16383 16383 16383 16382 16383 16383 16383 16382 16383 16383
510 511 511 513 513 510 512 512 511 511 510 514 509 514 515 511 517 514 511 517 516 513 517 519 522 518 525 535 539 539 542 566 573 576 606 624 663 681 713 800 866 969 1092 1195 1409 1652 1929 2279 2721 3432 4124 5021 6188 7710 9520
514 511 514 512 512 511 513 513 511 512 512 511 510 512 508 514 511 516 513 513 513 517 515 512 519 516 518 522 521 522 526 528 524 535 540 544 565 586 586 620 643 706 700 777 836 934 1024 1185 1314 1505 1796 2174 2583 3022 3848
513 512 513 510 514 511 511 513 516 514 514 514 514 512 512 511 515 513 512 517 515 512 514 513 512 517 516 514 519 519 521 524 527 529 530 533 542 544 560 578 583 595 617 653 683 710 810 845 936 1084 1198 1420 1672 1883 2262
517 518 525 525 525 536 538 555 538 560 574 592 609 630 648 701 749 807 877 992 1109 1242 1420 1638 1992 2450 2902 3425 4211 5095 6578 8068 9965 12415 15570 16382 16382 16383 16383 16383 16382 16383 16383 16383 16383 16383 16383 16383 16383 16383 16383 16383 16382 16383 16383
511 511 513 515 511 514 514 514 515 518 513 516 515 518 517 521 520 523 524 531 529 548 560 555 583 584 622 638 676 714 727 808 911 1001 1187 1255 1479 1687 1985 2375 2834 3400 4075 4954 6027 7390 9080 11439 13964 16372 16371 16370 16364 16383 16358
519 516 515 520 521 524 523 522 528 536 542 549 555 575 580 592 632 663 709 765 813 887 990 1126 1304 1481 1775 2065 2433 2926 3483 4388 5415 6633 8268 10222 12890 15987 16383 16382 16382 16382 16383 16383 16382 16383 16383 16383 16383 16383 16383 16383 16382 16383 16383
514 513 510 510 508 509 510 511 515 514 512 511 511 514 513 511 513 516 513 510 512 510 513 514 512 512 514 515 512 519 518 517 516 532 528 529 540 549 549 552 583 605 601 638 660 709 766 822 910 1011 1138 1331 1542 1757 2122
515 510 514 512 513 510 516 511 512 513 513 514 514 515 513 512 513 521 515 516 522 521 522 523 531 535 536 544 550 559 577 592 600 625 683 702 776 824 899 1006 1166 1279 1536 1758 2028 2423 3020 3699 4489 5481 6811 8395 10493 13150 16383
512 513 511 509 514 511 512 512 510 513 516 513 516 513 516 520 525 524 523 527 530 533 539 542 563 581 598 621 630 661 719 764 845 911 991 1116 1303 1536 1761 2131 2565 3088 3634 4521 5624 6966 8539 10530 13307 16383 16383 16383 16382 16383 16383
515 513 513 511 509 511 513 512 514 513 511 510 512 513 517 513 518 517 512 522 521 521 530 528 532 538 543 546 563 588 601 627 665 715 754 799 883 980 1076 1245 1449 1666 2031 2387 2830 3505 4183 5225 6562 7953 9915 12407 15592 16270 16258
505 512 515 511 514 512 511 514 515 515 515 512 516 518 518 518 517 515 515 522 524 522 522 533 540 543 546 573 570 587 620 631 670 722 769 838 917 1049 1186 1332 1542 1809 2142 2569 3066 3803 4704 5749 7031 8806 10903 13744 16371 16383 16374
512 514 515 513 513 516 514 512 511 511 517 512 514 518 518 520 521 528 523 529 528 536 543 544 575 579 587 620 657 666 712 774 839 952 1077 1179 1293 1556 1838 2153 2604 3203 3865 4804 5748 7277 8944 11235 13880 16380 16379 16377 16370 16383 16368
510 516 510 522 515 512 513 516 515 514 514 513 515 517 518 521 516 522 524 536 540 531 554 548 557 573 600 620 650 675 709 759 846 933 1048 1142 1313 1484 1823 2096 2518 3095 3753 4598 5619 7055 8598 10821 13495 16383 16383 16383 16382 16383 16383
515 509 508 513 514 510 514 511 513 511 509 509 512 512 513 511 515 512 511 511 515 513 514 512 514 516 516 520 520 516 528 529 537 545 542 549 568 568 609 626 640 668 695 782 863 959 1075 1256 1384 1590 1889 2268 2750 3329 3975
513 515 516 512 511 514 513 518 522 521 523 529 527 534 542 548 565 572 592 615 657 676 727 796 837 927 1041 1167 1294 1486 1850 2130 2681 3141 3810 4649 5701 7102 8853 10863 13637 16382 16383 16383 16382 16383 16383 16383 16383 16383 16383 16383 16383 16383 16383
513 512 516 510 513 513 512 516 517 520 517 522 516 521 521 530 549 540 539 559 559 567 605 613 635 675 724 783 854 958 1074 1184 1388 1583 1872 2146 2719 3135 3903 4821 5927 7364 9030 11181 14080 16383 16383 16383 16383 16383 16383 16383 16383 16383 16383
510 513 512 515 512 515 510 515 513 514 512 515 511 513 514 515 515 520 518 523 527 523 531 525 534 533 549 556 574 590 601 646 644 691 787 834 898 1020 1149 1335 1493 1765 2158 2568 3024 3755 4535 5553 6838 8548 10758 13284 16276 16264 16249
512 511 516 516 516 513 515 514 517 518 515 520 522 523 528 535 531 543 543 558 566 576 605 618 638 680 717 774 851 936 1094 1179 1327 1561 1869 2178 2660 3226 3860 4766 5830 7199 9012 11142 13928 16383 16383 16383 16381 16379 16376 16371 16365 16383 16366
509 511 515 514 512 514 516 511 512 515 515 518 516 517 516 518 521 521 525 524 530 532 541 553 565 575 589 610 627 656 708 758 812 889 999 1104 1301 1497 1779 2074 2525 2950 3595 4419 5477 6694 8346 10334 12890 15969 16367 16366 16365 16368 16366
513 515 510 512 512 509 513 512 512 506 513 510 513 513 515 514 518 516 516 516 518 519 520 522 531 528 537 545 550 550 565 594 599 628 666 707 730 837 900 995 1130 1281 1474 1672 1984 2457 2966 3519 4411 5302 6647 8215 10151 12628 15648
