# Matrice Z (100x42)
517 512 513 515 514 515 511 513 514 511 512 515 516 513 512 513 514 515 513 514 515 516 517 519 524 527 529 534 534 539 546 555 575 592 616 630 663 705 757 818 896 998
510 512 510 513 513 516 516 510 514 512 512 512 512 510 511 513 514 512 514 514 516 515 515 511 515 511 515 516 516 518 520 518 525 526 526 534 541 538 551 564 598 602
513 511 512 516 512 515 516 512 513 513 511 515 518 519 517 520 522 518 533 527 533 551 551 555 574 593 615 659 696 729 794 871 935 1094 1208 1371 1627 1886 2301 2682 3306 3985
509 512 513 516 513 513 511 514 514 514 514 516 513 516 519 521 524 524 524 529 535 542 548 553 570 569 604 615 639 676 713 769 804 916 1033 1156 1286 1478 1788 2112 2560 3045
513 510 510 510 513 513 510 513 509 510 512 515 514 511 512 515 515 513 521 522 518 527 527 520 539 547 542 560 563 576 585 620 643 710 731 796 879 971 1061 1191 1424 1623
511 514 512 514 511 510 510 512 515 512 512 514 511 513 512 513 512 517 515 516 518 526 523 528 531 528 537 550 547 565 571 573 616 650 662 696 754 807 893 996 1114 1311
511 511 514 509 513 510 514 512 509 515 515 512 512 514 517 517 518 515 516 519 514 529 530 528 545 544 567 565 578 609 642 642 690 735 831 873 965 1086 1213 1419 1664 1921
514 511 514 513 515 516 514 514 512 511 514 510 515 513 515 519 515 519 519 519 517 527 521 533 534 541 560 561 575 604 603 634 678 721 767 808 929 1032 1201 1319 1564 1796
511 514 514 514 510 509 514 514 517 513 515 518 517 526 518 522 529 525 524 532 535 547 570 572 591 620 622 660 690 756 828 877 1007 1114 1300 1462 1730 2014 2441 2900 3510 4336
515 511 509 510 514 512 511 515 516 513 516 518 521 518 521 523 526 535 537 539 544 549 562 577 604 614 639 701 737 791 894 975 1057 1221 1370 1606 1941 2293 2814 3389 4083 5107
512 510 517 514 512 517 515 512 515 513 515 518 525 521 517 520 518 524 525 533 535 548 553 553 559 577 592 632 639 671 743 786 850 940 1046 1175 1347 1559 1867 2175 2626 3149
510 510 512 516 512 515 511 516 514 518 511 521 517 518 525 519 526 535 539 542 541 551 573 579 610 627 656 672 738 810 859 950 1078 1240 1396 1651 1963 2301 2826 3271 4142 5072
512 515 515 514 514 514 511 516 515 512 518 514 513 515 519 519 527 530 537 532 534 543 563 568 591 621 626 672 698 759 831 914 1010 1154 1314 1461 1780 2111 2499 3025 3584 4423
518 515 513 512 514 517 512 512 516 515 519 520 524 531 533 541 554 561 572 586 590 646 648 683 745 811 877 987 1087 1242 1443 1630 1959 2369 2841 3396 4215 5032 6381 7795 9775 12029
510 514 511 513 515 515 511 509 510 512 513 514 513 516 515 514 515 515 521 523 523 524 535 531 529 538 546 556 563 581 608 627 640 692 725 774 843 978 1057 1192 1379 1602
512 511 510 512 511 512 511 514 514 510 513 510 513 512 510 514 511 509 514 512 515 512 513 511 513 515 514 511 516 516 517 513 519 523 523 530 534 526 541 545 552 568
511 515 514 513 513 514 517 512 517 515 514 517 522 520 522 525 537 528 548 547 558 575 594 604 623 663 687 742 802 879 953 1091 1266 1480 1693 2013 2375 2921 3560 4244 5245 6381
512 511 508 509 514 511 515 512 513 515 513 515 516 516 516 517 517 517 523 526 522 524 538 534 543 552 570 590 607 635 648 685 728 818 869 996 1103 1229 1405 1636 1978 2316
512 515 510 513 512 511 512 512 511 518 515 516 516 516 517 516 517 529 530 533 541 554 562 566 576 598 626 642 684 726 761 855 964 1038 1251 1377 1637 1896 2187 2649 3169 3935
518 518 516 511 517 515 517 518 511 515 517 513 514 512 513 515 512 513 514 514 515 521 518 515 522 519 534 531 532 541 562 559 574 582 602 634 650 697 742 807 868 980
511 514 512 510 514 510 515 512 511 515 512 515 513 514 514 516 514 513 517 519 519 521 520 522 524 525 533 534 541 552 565 577 587 609 632 662 700 754 799 893 982 1112
514 513 514 513 515 514 512 517 512 515 512 515 513 512 514 515 516 513 520 519 526 520 517 524 534 537 545 550 580 588 602 629 648 708 740 798 875 947 1114 1196 1472 1694
510 512 518 518 514 514 514 513 516 516 512 514 518 520 518 517 523 527 530 531 537 547 552 573 584 608 618 672 697 751 786 886 929 1096 1237 1401 1644 1950 2298 2749 3349 4135
514 513 509 513 512 515 513 515 514 514 515 514 516 516 516 518 517 517 517 522 519 525 532 528 546 541 559 559 571 586 611 637 653 704 768 834 952 1060 1174 1296 1534 1815
517 517 516 517 520 516 521 521 532 536 534 551 552 564 585 596 595 633 680 712 767 812 897 1016 1148 1279 1495 1725 2004 2514 2974 3563 4411 5493 6612 8392 10348 12893 16367 16366 16365 16366
510 509 509 514 512 512 512 514 515 515 513 516 513 515 513 514 517 513 520 519 521 521 528 532 529 535 543 548 568 579 577 606 628 675 732 762 844 920 999 1136 1335 1482
513 514 512 515 513 516 512 515 516 517 516 520 522 521 516 522 527 529 536 546 554 564 573 589 599 625 662 681 737 808 852 963 1113 1267 1439 1726 1957 2385 2838 3504 4309 5151
511 512 511 515 509 514 511 513 511 514 514 515 513 517 512 515 512 516 512 519 512 517 520 524 522 522 524 531 535 537 543 555 565 576 584 611 639 685 702 756 834 928
512 509 512 511 509 509 516 514 513 515 511 512 516 515 514 512 519 516 521 517 521 522 527 533 533 534 547 562 577 581 612 627 660 683 749 821 892 969 1072 1275 1418 1694
511 515 512 512 511 514 514 516 516 514 517 520 516 521 520 527 533 540 543 550 559 575 586 608 638 686 700 759 819 895 1014 1145 1318 1532 1761 2081 2490 2982 3620 4477 5492 6805
517 520 524 520 522 528 531 540 542 551 567 584 600 620 636 666 711 771 845 925 1017 1180 1297 1541 1766 2125 2493 3126 3719 4553 5505 6924 8636 10431 13421 16382 16382 16382 16383 16383 16382 16383
511 514 514 512 511 510 517 515 516 513 515 521 520 522 527 523 534 533 547 553 561 575 582 607 621 650 692 756 813 868 990 1105 1276 1416 1699 2015 2429 2890 3606 4377 5296 6577
512 508 509 514 511 517 512 511 512 512 515 516 512 514 519 510 515 522 518 520 535 522 524 536 532 538 560 557 570 588 595 622 638 682 711 781 836 936 1061 1167 1371 1548
512 514 514 512 512 511 512 514 516 516 514 515 514 517 515 514 514 515 517 520 514 519 526 525 532 533 548 541 559 592 586 618 647 687 714 771 853 946 1052 1210 1414 1613
510 509 511 515 512 514 512 514 512 514 512 511 513 514 513 514 513 512 513 513 515 513 512 517 516 522 522 519 523 527 526 535 546 553 566 577 586 618 650 683 727 760
517 512 514 512 518 519 517 517 517 518 519 526 527 532 532 538 545 558 550 568 589 597 643 656 687 754 798 876 979 1093 1268 1440 1679 2037 2441 2844 3457 4224 5175 6471 8006 9852
515 512 512 510 511 513 515 510 512 513 511 512 509 511 514 517 521 517 518 517 520 527 528 527 536 536 552 562 576 594 606 649 665 704 737 811 883 1005 1081 1276 1508 1723
513 511 512 515 512 512 514 515 515 512 512 517 517 516 516 518 529 526 530 530 530 547 551 574 590 585 629 657 689 734 773 858 957 1029 1207 1369 1562 1818 2205 2610 3206 3855
515 514 515 511 514 510 511 513 512 516 512 511 512 515 511 515 514 517 519 522 525 524 537 539 534 545 561 580 599 617 630 662 719 756 840 897 1040 1170 1330 1566 1835 2112
513 515 515 516 515 513 512 511 513 514 515 512 516 516 520 523 519 522 524 531 539 536 546 552 561 591 586 621 642 675 722 796 870 930 1047 1185 1318 1575 1851 2182 2635 3169
513 514 510 511 510 512 515 526 518 519 523 523 524 523 534 544 543 570 584 606 622 667 672 719 793 829 942 1058 1179 1293 1563 1811 2152 2627 3191 3902 4687 5794 7100 8840 11180 13800
515 514 514 512 512 514 513 512 515 514 512 514 510 512 513 517 512 516 516 518 519 516 519 526 532 535 536 549 554 571 590 593 619 644 688 718 798 859 946 1083 1182 1386
514 509 511 516 513 511 513 513 512 512 514 515 515 514 514 518 517 519 527 523 521 523 529 525 529 537 538 549 564 580 596 602 644 686 722 756 852 949 1071 1178 1339 1573
512 514 515 513 512 514 514 512 511 510 514 522 516 516 517 516 517 526 521 531 532 535 542 551 555 568 592 598 631 664 702 743 819 869 1027 1150 1279 1474 1736 2003 2380 2947
516 510 515 512 509 512 514 515 512 514 514 513 513 515 517 514 513 517 515 521 520 522 524 524 530 542 547 547 566 569 608 618 653 691 716 787 844 955 1029 1185 1364 1594
510 511 507 514 503 518 516 510 520 507 518 516 511 518 519 519 526 515 519 519 531 523 524 538 534 541 547 548 571 584 609 618 663 702 718 813 853 968 1076 1238 1363 1633
516 514 514 511 512 513 511 516 514 514 511 515 516 515 517 514 520 524 526 533 536 537 542 550 568 585 594 608 635 677 710 773 815 943 1048 1128 1360 1532 1834 2221 2577 3066
508 515 513 513 512 515 513 511 516 514 514 514 515 512 513 516 517 519 520 527 522 518 524 521 530 534 540 549 558 558 577 607 620 645 690 728 788 871 974 1090 1267 1446
514 515 517 513 514 512 515 513 513 512 512 514 513 515 515 518 518 516 517 520 521 525 522 526 529 533 553 540 554 570 601 590 649 675 707 750 812 910 1010 1103 1327 1455
516 515 516 517 517 516 522 515 516 518 525 527 529 539 548 552 552 571 590 604 642 663 714 761 803 886 1043 1128 1265 1466 1734 2050 2455 2988 3502 4339 5416 6678 8213 10191 13022 16317
526 508 511 512 512 511 511 512 512 515 515 512 512 514 512 516 515 511 511 511 515 513 515 514 519 515 521 532 525 526 538 539 555 554 573 583 591 634 650 678 738 834
510 514 512 514 509 512 512 513 512 510 518 515 512 516 519 517 518 518 522 523 529 528 532 535 551 553 563 580 612 630 670 704 736 827 928 974 1152 1320 1585 1889 2243 2706
512 511 517 520 514 512 510 515 514 516 512 512 513 515 515 517 524 520 519 526 528 532 545 540 554 569 570 596 629 643 675 720 773 880 940 1073 1195 1313 1600 1888 2246 2645
516 517 512 512 513 518 514 521 518 516 520 522 533 521 536 538 555 557 580 581 605 630 683 716 760 844 955 996 1212 1364 1535 1839 2212 2596 3102 3870 4700 5745 7105 8886 10939 13859
513 512 510 512 515 510 511 510 510 509 517 508 515 512 515 513 516 515 517 525 522 530 526 539 538 554 558 571 587 605 633 650 691 753 785 857 948 1092 1277 1438 1619 1958
512 511 511 510 511 511 512 513 515 512 507 510 514 512 511 509 512 518 515 512 512 517 515 515 520 516 520 525 526 528 535 540 551 559 566 588 596 628 659 690 720 784
511 512 511 512 514 509 513 511 516 516 514 511 516 514 518 521 522 521 537 534 540 546 554 567 572 602 612 627 703 728 767 855 930 1054 1172 1401 1585 1872 2144 2645 3217 3889
511 515 513 515 514 515 514 512 514 513 511 513 516 511 514 519 518 520 522 521 528 525 526 533 554 545 558 580 588 613 630 669 698 769 806 909 966 1110 1301 1466 1762 1992
514 511 516 509 515 514 510 512 511 514 516 513 510 514 514 514 513 521 519 525 523 523 526 531 530 543 554 551 569 589 614 631 662 702 750 815 909 1007 1130 1255 1494 1805
514 511 513 513 512 514 517 517 516 516 518 517 521 526 521 527 533 531 538 550 562 567 590 600 620 641 698 712 790 840 965 1055 1213 1346 1607 1871 2245 2696 3235 3954 4824 5918
516 512 510 513 511 511 513 512 513 515 515 514 514 516 511 516 516 517 513 519 521 521 524 526 526 525 532 542 557 557 565 591 595 629 652 681 716 777 867 954 1041 1234
515 518 511 513 512 512 513 512 513 511 515 513 513 512 515 514 513 516 516 512 518 522 524 530 527 540 542 552 556 566 593 620 630 659 678 729 790 878 977 1092 1247 1435
513 514 511 516 516 512 514 510 513 514 512 511 515 518 521 514 518 524 519 526 523 537 537 532 562 558 578 595 611 632 684 718 767 829 941 1001 1167 1375 1558 1782 2178 2593
515 512 511 512 511 512 508 512 512 502 517 518 517 514 513 516 509 522 526 534 537 539 541 555 565 565 595 594 631 641 696 763 806 882 1022 1124 1287 1489 1684 2002 2435 2965
513 513 514 517 513 516 519 517 517 518 521 519 526 527 526 527 547 549 549 572 580 603 622 662 707 737 799 895 961 1102 1235 1428 1648 1975 2432 2914 3539 4227 5209 6493 7930 9945
511 512 511 515 513 514 514 513 512 515 513 515 516 516 518 515 521 513 518 526 524 528 532 531 540 554 560 559 576 600 619 643 686 749 788 881 940 1082 1211 1398 1653 1934
512 510 516 510 513 513 513 515 512 514 517 522 520 524 529 529 525 536 533 549 550 570 578 618 625 653 699 751 817 915 1020 1135 1309 1460 1731 2020 2437 3016 3572 4444 5327 6653
515 510 513 517 510 510 513 513 511 511 511 515 513 517 515 520 528 525 523 526 539 542 560 570 565 595 596 625 652 689 753 795 887 961 1110 1288 1492 1700 2075 2387 2916 3422
512 512 510 516 511 515 510 509 515 514 515 516 516 516 514 513 516 518 519 521 521 523 526 525 531 547 538 556 569 584 598 627 668 703 737 831 878 934 1043 1204 1451 1639
517 512 510 513 514 511 513 511 516 516 516 516 516 519 516 524 523 525 527 528 528 545 560 560 572 601 629 623 691 706 776 806 897 1031 1139 1289 1509 1819 2096 2576 3151 3666
511 514 515 511 510 512 513 514 511 512 511 510 512 512 512 512 512 511 513 512 512 514 511 514 516 518 518 515 519 526 527 536 532 539 563 564 573 609 620 647 688 747
518 511 515 512 512 511 513 513 516 510 513 515 513 515 517 517 512 518 523 520 526 527 533 533 552 559 563 582 589 620 641 687 736 779 866 965 1043 1188 1324 1590 1878 2249
511 512 516 512 513 511 510 512 513 512 511 515 510 510 516 516 514 512 515 513 519 523 515 522 520 529 532 541 555 563 558 577 582 623 654 662 725 770 844 914 1050 1177
510 514 510 514 509 512 513 512 514 514 513 514 513 515 517 514 514 516 516 521 521 521 523 523 533 536 548 538 561 571 590 593 642 653 712 758 810 898 1004 1128 1262 1511
513 512 517 511 512 511 509 511 513 514 514 515 518 516 513 512 513 514 520 517 515 520 525 526 521 531 537 540 549 559 564 581 593 622 653 705 728 791 870 961 1064 1230
515 511 515 510 512 514 512 510 513 511 516 514 509 512 511 512 519 513 511 516 517 522 527 524 525 530 534 553 555 574 591 629 624 658 686 767 819 854 975 1086 1292 1438
515 511 513 510 511 512 512 515 512 514 510 513 512 515 519 520 517 524 532 530 527 536 543 558 568 595 599 611 636 665 722 771 856 917 978 1122 1311 1529 1859 2152 2612 3154
516 513 509 510 513 514 514 511 510 512 512 515 511 513 513 517 517 514 516 516 518 523 523 520 526 543 538 552 553 561 570 603 616 628 685 724 774 860 941 1058 1181 1418
510 511 511 512 513 513 512 512 514 513 516 513 513 513 515 515 515 512 513 512 514 514 514 512 521 512 516 519 519 523 521 521 525 531 533 539 545 551 559 566 588 625
513 513 514 513 511 513 509 517 514 515 516 516 514 517 520 522 526 527 524 537 537 543 552 560 584 592 624 633 687 710 806 863 959 1064 1188 1400 1625 1952 2229 2820 3283 4100
510 512 511 513 516 514 514 513 515 519 512 514 516 515 518 524 517 525 535 528 541 546 559 564 593 584 614 631 689 706 775 868 969 1049 1219 1349 1565 1881 2214 2564 3236 3994
510 516 511 513 512 512 511 514 512 510 513 516 514 512 515 517 516 519 517 521 518 518 525 525 536 531 537 544 557 581 581 607 630 668 717 761 826 892 1018 1111 1328 1493
512 515 516 517 512 512 514 513 517 517 513 519 520 519 524 519 521 527 542 540 542 543 559 560 577 600 627 658 689 735 780 843 945 1060 1219 1354 1663 1861 2301 2749 3233 3979
513 511 513 514 513 514 516 517 515 512 517 519 520 522 516 521 516 527 526 533 543 547 549 553 580 604 609 633 664 688 759 828 899 964 1130 1272 1466 1685 1997 2338 2848 3443
517 508 513 512 511 513 515 514 516 514 516 521 525 520 529 538 534 561 562 563 588 595 629 654 687 712 757 829 959 1062 1210 1382 1579 1886 2197 2689 3254 3846 4829 5827 7275 9182
512 513 514 511 513 514 512 515 513 512 513 516 512 513 514 517 517 523 520 523 523 527 534 535 556 555 570 574 624 630 656 703 768 848 926 961 1118 1314 1474 1805 2131 2460
517 512 510 509 513 516 511 510 519 511 516 518 516 520 518 526 524 521 531 537 535 543 554 551 566 578 625 625 647 696 752 819 874 947 1051 1168 1427 1622 1902 2280 2743 3371
516 510 511 513 510 513 512 513 512 514 511 513 514 517 517 514 519 520 520 526 529 534 532 547 556 571 582 601 624 647 705 752 781 858 980 1055 1172 1375 1580 1909 2309 2861
512 514 512 512 513 513 510 512 513 513 514 515 512 514 512 515 514 516 512 512 516 512 511 511 514 512 517 510 516 518 515 525 529 524 523 533 546 550 562 572 582 604
514 509 510 515 513 511 513 512 509 511 508 512 511 515 511 513 512 513 514 515 516 509 515 514 516 512 516 515 521 517 527 525 529 529 531 531 543 549 564 573 591 608
510 513 512 510 513 514 513 514 515 511 510 513 515 511 514 514 514 513 521 517 522 526 527 529 531 542 551 567 573 601 618 648 640 718 774 819 909 1023 1147 1340 1560 1778
516 508 513 509 511 511 512 513 513 512 509 511 515 512 515 515 510 513 515 513 511 519 521 518 516 519 521 522 531 540 544 549 568 576 594 605 625 640 700 746 850 926
513 512 514 514 510 513 507 510 512 515 515 512 512 514 516 518 512 515 516 516 517 522 528 523 529 537 544 553 576 581 591 614 644 675 708 771 854 903 1070 1142 1346 1502
508 510 512 513 511 510 512 514 513 514 512 515 518 516 515 518 523 519 527 530 534 538 535 544 552 557 592 601 615 655 701 735 809 869 917 1079 1240 1416 1678 1954 2337 2753
515 516 513 513 513 511 515 514 512 516 516 513 520 520 520 518 522 524 534 537 541 537 555 574 589 606 631 667 697 765 798 882 930 1103 1222 1388 1672 1972 2334 2824 3367 4100
513 512 512 510 514 512 514 514 515 513 514 513 512 517 519 519 519 520 523 530 522 537 530 539 546 564 579 584 612 645 681 705 752 826 906 995 1142 1339 1529 1795 2212 2537
511 512 513 514 513 509 514 511 511 515 513 511 512 514 513 516 515 520 521 517 516 526 524 532 532 544 544 556 575 587 603 623 657 689 736 778 876 983 1113 1302 1423 1705
514 512 512 510 514 513 511 512 514 515 512 513 514 513 510 513 516 514 514 518 516 518 512 519 520 526 523 531 533 542 545 555 553 583 591 606 635 664 716 767 841 891
513 513 513 513 514 513 512 513 513 516 510 515 512 511 515 515 517 513 517 517 515 517 520 518 525 523 528 546 550 550 561 588 581 613 629 672 724 768 855 899 1010 1133
513 510 513 512 512 512 516 515 514 513 513 511 515 513 514 516 510 516 516 518 517 521 519 523 520 532 530 532 542 552 556 560 593 592 603 643 691 723 776 903 980 1041
