# Matrice Z (50x37)
514 517 513 515 514 516 520 521 522 518 526 526 531 530 531 552 544 561 554 564 605 612 639 672 721 756 861 926 1043 1229 1344 1579 1876 2199 2614 3197 3907
516 516 514 514 511 514 518 511 525 512 514 516 514 524 522 526 526 529 530 539 536 557 570 595 603 623 636 686 725 775 864 979 1050 1215 1401 1562 1851
517 523 519 526 535 549 546 552 558 579 584 611 638 686 716 791 856 939 1025 1165 1300 1554 1745 2114 2485 3048 3675 4593 5597 7091 8835 10790 13544 16383 16383 16383 16383
508 510 514 510 516 514 516 520 518 520 521 525 533 531 538 539 551 562 580 597 610 660 680 719 773 871 922 1047 1189 1363 1541 1801 2263 2660 3229 3930 4797
508 510 513 513 515 515 507 516 509 515 515 516 515 524 519 523 521 528 527 545 552 546 563 573 583 603 620 654 713 750 845 886 1000 1104 1297 1480 1712
513 515 514 504 517 512 514 517 516 518 514 514 519 520 519 520 523 524 529 534 546 539 552 571 584 620 632 662 702 769 802 875 940 1110 1252 1427 1665
513 516 512 512 510 515 517 515 514 515 518 519 521 520 523 529 530 542 544 562 567 585 614 649 675 704 774 877 940 1035 1197 1384 1558 1820 2230 2560 3139
513 507 514 512 511 515 512 514 510 514 515 517 521 523 516 524 524 517 536 554 548 542 562 573 602 603 656 669 753 803 855 934 1008 1187 1361 1584 1853
519 522 522 532 527 543 546 548 551 594 588 630 655 687 706 786 872 963 1048 1177 1389 1576 1795 2219 2617 3282 3957 4832 5927 7213 9082 11534 14204 16383 16383 16383 16383
511 522 528 527 539 543 557 564 574 582 599 655 668 726 764 851 931 1041 1146 1338 1593 1806 2103 2595 3188 3803 4753 5687 7131 8851 11042 13711 16383 16383 16383 16383 16383
507 511 515 512 516 515 513 517 516 515 511 516 521 516 517 521 525 530 527 540 548 545 554 585 596 586 612 669 692 752 844 901 975 1135 1267 1397 1719
516 513 511 512 514 512 518 517 520 520 523 522 520 535 537 553 564 568 592 609 635 652 716 761 794 921 983 1110 1327 1523 1753 2167 2505 2944 3679 4449 5518
513 513 514 514 514 513 516 516 519 521 528 521 535 542 552 546 564 583 592 610 654 690 726 771 857 966 1064 1207 1461 1622 1880 2303 2734 3250 4017 4966 6086
514 514 514 509 520 513 519 522 513 515 512 522 530 528 531 542 545 546 569 582 582 620 643 685 749 791 817 929 1044 1181 1325 1563 1828 2173 2655 3150 3915
513 512 512 511 510 516 515 512 516 519 516 508 520 518 518 523 524 528 533 540 549 550 565 584 587 625 653 700 749 810 904 941 1083 1222 1393 1614 1859
511 509 512 518 513 515 515 516 516 515 523 523 531 526 537 553 551 574 594 593 612 641 716 733 804 898 1006 1114 1260 1506 1651 1977 2436 2934 3545 4247 5256
508 511 513 511 521 514 519 522 517 519 523 526 526 536 543 543 559 575 567 601 639 657 715 730 825 906 1002 1105 1284 1503 1659 2052 2372 2889 3539 4275 5302
510 518 510 512 510 517 516 518 517 525 518 531 528 547 543 547 566 582 585 612 610 663 696 721 798 912 970 1145 1270 1457 1746 2057 2419 2917 3535 4526 5480
513 509 514 514 528 513 514 514 513 519 515 515 520 525 543 525 529 536 552 552 557 578 611 612 633 690 706 778 858 946 1027 1227 1352 1600 1850 2255 2688
516 514 516 515 513 516 516 515 519 514 513 519 518 511 520 519 520 513 525 540 538 537 549 559 576 588 612 640 681 723 753 821 898 983 1171 1302 1556
511 513 512 514 517 517 520 526 522 531 531 532 535 534 564 577 580 609 638 651 691 731 784 880 952 1079 1243 1428 1660 1917 2331 2875 3375 4084 4970 6107 7789
513 511 509 512 513 514 517 511 514 513 516 512 518 517 520 519 521 529 532 538 544 561 578 583 603 622 664 683 716 787 888 959 1099 1215 1420 1575 1962
508 512 515 511 511 516 513 517 519 522 517 527 535 534 538 537 552 554 575 586 603 666 668 696 752 822 921 1034 1160 1320 1475 1796 2089 2574 3073 3792 4484
511 514 511 513 514 513 517 512 514 512 514 513 516 518 518 520 527 522 528 532 545 544 563 578 585 610 632 667 695 748 822 920 978 1128 1300 1426 1703
518 525 530 533 535 545 554 558 565 586 596 609 653 681 731 786 855 930 1100 1179 1330 1596 1900 2272 2749 3213 3968 4781 6057 7361 9255 11506 14511 16383 16383 16383 16383
515 511 519 517 518 523 525 530 535 533 539 546 552 566 576 607 634 650 666 734 763 861 964 1028 1210 1407 1609 1797 2224 2656 3260 3805 4666 5781 7276 8992 11375
514 511 509 512 515 518 516 517 517 519 533 526 524 527 536 543 550 569 563 578 612 645 668 720 759 842 886 1066 1163 1339 1514 1796 2205 2589 3043 3864 4638
516 515 517 519 530 524 540 538 544 550 554 588 596 626 650 703 752 802 894 942 1086 1233 1387 1616 1864 2340 2746 3329 4100 4999 6084 7591 9494 11709 14604 16383 16383
511 510 516 518 517 514 518 520 515 522 521 520 523 527 539 549 546 553 553 576 604 616 634 677 734 749 823 889 1041 1173 1323 1479 1794 2168 2520 2993 3734
513 509 514 512 515 514 516 518 520 518 514 516 521 521 526 530 527 531 533 555 549 566 587 612 634 657 681 765 800 847 957 1061 1216 1409 1623 1955 2302
512 517 507 514 509 517 515 511 514 516 514 523 518 521 523 519 524 531 540 534 544 562 585 570 630 640 665 706 735 862 896 1035 1167 1304 1531 1787 2107
520 520 520 519 529 527 539 535 553 554 564 576 587 622 646 661 756 805 865 937 1087 1214 1334 1635 1995 2205 2591 3334 3998 4950 6103 7451 9090 11701 14412 16378 16378
510 508 509 512 510 509 514 513 515 515 516 513 517 511 518 515 519 520 520 516 521 531 529 540 546 559 567 568 600 617 634 696 724 792 876 963 1045
521 529 532 543 537 542 557 578 583 610 621 657 724 752 855 922 974 1146 1295 1509 1727 2131 2476 2959 3748 4463 5444 6826 8165 10571 12893 16268 16383 16383 16383 16383 16383
515 521 511 518 517 519 518 521 514 519 521 539 529 533 534 557 554 549 581 599 631 640 663 712 756 857 934 1041 1175 1350 1552 1819 2139 2583 3025 3745 4691
512 518 507 512 518 515 511 516 517 527 537 527 534 540 556 565 550 570 600 618 659 683 721 746 851 910 1037 1176 1385 1559 1852 2144 2586 3198 3832 4870 5834
513 517 516 515 511 516 512 523 520 517 520 516 527 531 527 529 536 543 550 560 580 574 625 635 668 696 767 817 897 1010 1152 1284 1500 1740 2097 2486 3040
514 512 513 515 516 516 517 516 511 518 520 520 522 530 528 525 537 545 551 560 584 588 612 643 655 718 761 829 910 965 1125 1282 1474 1770 2112 2471 3116
516 513 513 517 518 516 518 516 512 522 520 534 528 526 530 537 553 558 566 584 594 608 665 687 752 765 854 931 1022 1158 1298 1577 1884 2148 2564 3187 3896
514 515 513 514 513 513 517 517 515 518 521 529 523 529 534 534 565 556 576 582 606 636 660 694 744 817 895 969 1112 1271 1502 1719 2003 2374 2894 3588 4266
520 514 521 516 516 513 521 520 519 521 529 529 532 534 543 552 573 586 617 645 641 719 743 823 896 995 1169 1280 1481 1757 2067 2571 2990 3699 4617 5638 6951
510 519 515 520 519 519 521 529 517 526 535 545 558 561 576 564 591 645 675 692 731 793 888 957 1075 1217 1429 1668 1928 2326 2724 3368 4149 5037 6196 7786 9616
511 511 514 514 516 514 515 511 515 514 511 512 514 514 520 515 522 520 524 513 532 543 535 543 555 574 587 591 656 650 714 776 806 910 973 1096 1303
511 520 506 527 524 539 518 542 534 527 534 570 573 595 589 617 659 702 742 810 851 964 1085 1291 1417 1725 2071 2365 2873 3456 4278 5159 6476 7876 10066 12533 15565
523 517 509 514 504 516 516 519 511 515 511 518 512 515 515 516 524 520 530 545 534 529 539 555 569 585 597 631 647 700 696 754 822 935 1044 1177 1349
515 516 508 511 514 511 516 514 520 520 519 525 527 534 534 533 548 560 575 583 593 615 637 697 726 802 853 962 1064 1174 1402 1559 1849 2146 2729 3249 4032
514 510 517 514 510 515 516 514 514 513 517 517 516 524 521 516 533 527 529 528 544 549 568 571 575 612 633 669 705 776 798 899 997 1114 1241 1435 1650
511 513 513 516 516 513 517 517 520 522 520 529 533 528 539 552 566 574 567 612 616 647 682 753 791 858 966 1092 1192 1376 1623 1902 2271 2691 3287 4011 4955
511 513 512 515 514 511 511 517 514 515 525 522 529 525 526 533 541 540 552 571 570 600 622 647 669 713 795 832 940 1016 1205 1379 1591 1869 2153 2631 3236
515 512 509 511 511 511 519 514 514 519 516 515 523 524 517 528 533 537 544 546 553 569 589 590 627 685 717 771 779 881 990 1118 1307 1490 1734 2076 2488
