# Exposition en fréquence par image
8000.0000000000
6400.0000000000
5000.0000000000
4000.0000000000
3200.0000000000
2500.0000000000
2000.0000000000
1600.0000000000
1250.0000000000
1000.0000000000
800.0000000000
640.0000000000
500.0000000000
400.0000000000
320.0000000000
250.0000000000
200.0000000000
160.0000000000
125.0000000000
100.0000000000
80.0000000000
60.0000000000
50.0000000000
40.0000000000
30.0000000000
25.0000000000
20.0000000000
15.0000000000
13.0000000000
10.0000000000
8.0000000000
6.0000000000
5.0000000000
4.0000000000
3.0000000000
2.5000000000
2.0000000000
1.6000000000
1.2500000000
1.0000000000
0.7692307692
0.6250000000
0.5000000000
0.4000000000
0.3125000000
