# Matrice Z (50x45)
511 513 512 514 513 514 513 515 516 509 524 517 511 523 517 524 532 531 538 542 569 556 569 579 611 634 665 719 784 812 907 998 1156 1290 1505 1761 2147 2549 3049 3731 4669 5780 6973 8710 10986
514 513 516 512 520 511 518 521 520 519 535 541 555 563 567 575 581 629 648 685 720 816 853 946 1036 1223 1370 1639 1936 2267 2737 3208 4152 4847 6211 7499 9270 11633 14388 16383 16383 16383 16383 16383 16383
511 516 514 511 514 519 517 515 515 516 521 520 521 524 531 530 535 550 557 556 575 592 612 627 658 696 753 818 918 1002 1169 1310 1483 1761 2047 2456 2927 3694 4440 5411 6757 8461 10571 13116 16131
518 522 516 528 530 527 526 542 534 540 549 555 571 591 598 634 645 683 734 796 870 905 1082 1193 1409 1648 1920 2271 2756 3243 4014 4965 6059 7465 9248 11569 14623 16383 16383 16382 16383 16383 16383 16383 16383
511 511 513 511 517 516 517 519 520 516 520 519 529 528 540 547 554 562 590 592 603 634 660 705 736 854 894 1034 1202 1307 1508 1773 2121 2468 3067 3785 4566 5627 6672 8607 10582 13178 16383 16383 16383
509 511 514 511 512 514 512 513 516 516 514 520 522 523 525 529 534 538 552 556 574 578 582 620 637 674 736 768 813 918 1004 1177 1328 1550 1776 2140 2568 3147 3695 4588 5740 7055 8493 11003 13546
521 511 516 516 515 511 516 522 522 521 521 521 525 525 529 528 531 539 552 562 601 585 610 637 649 716 753 813 942 1025 1149 1262 1518 1759 2080 2502 2989 3608 4399 5443 6671 8380 10432 13078 16245
512 511 511 512 513 513 518 515 517 523 516 528 526 525 541 552 555 572 579 619 638 643 686 736 771 879 991 1163 1261 1392 1678 1993 2377 2924 3467 4285 5283 6530 8140 9864 12537 15743 16383 16383 16383
499 515 504 514 512 512 513 515 513 514 513 512 516 510 513 514 514 515 520 523 528 523 530 532 536 540 548 574 588 603 641 672 696 743 806 849 967 1109 1243 1415 1727 1975 2455 2870 3469
516 509 514 511 513 514 515 517 519 515 516 523 528 526 536 537 554 554 556 584 587 613 661 707 734 800 864 931 1093 1250 1420 1653 1907 2203 2667 3276 4101 5045 6208 7563 9414 11777 14620 16383 16383
514 509 513 512 510 518 518 520 517 526 526 527 541 547 544 554 557 560 595 612 669 676 744 802 843 932 1025 1190 1366 1644 1819 2227 2620 3166 3934 4842 5804 7432 9170 11432 14024 16383 16383 16382 16383
520 522 523 522 518 521 525 531 528 540 556 540 579 587 619 612 654 697 752 793 878 968 1073 1242 1510 1704 1999 2409 2940 3479 4300 5328 6616 8172 10116 12850 15889 16383 16383 16383 16383 16383 16383 16383 16383
516 509 518 514 516 512 513 512 516 515 517 521 526 528 524 526 534 544 546 571 570 596 618 666 696 736 795 835 957 1050 1198 1356 1614 1914 2300 2714 3209 3992 4849 5986 7502 9191 11273 13995 16383
510 515 515 512 516 512 513 517 516 522 519 522 520 530 533 540 547 554 561 577 609 626 642 703 726 793 871 912 1065 1210 1447 1652 1961 2339 2771 3323 4178 5072 6312 7698 9633 11716 14875 16383 16383
518 511 511 515 514 513 517 519 519 513 514 521 525 525 530 547 547 548 554 570 598 604 640 688 715 798 864 953 1057 1193 1366 1573 1815 2184 2672 3165 3904 4706 5975 7120 8961 11163 13956 16383 16383
512 515 511 509 514 514 517 518 515 517 521 515 523 521 533 534 542 534 555 564 570 589 615 655 671 711 761 843 951 1012 1117 1384 1632 1837 2191 2617 3141 3936 4668 5701 7075 8788 11089 13743 16383
516 518 519 520 521 525 520 523 529 544 550 543 561 569 584 596 645 631 693 729 776 852 988 1118 1276 1474 1690 1965 2453 2857 3573 4321 5215 6426 7942 9940 12389 15292 16383 16382 16383 16383 16383 16383 16383
515 512 512 516 513 513 513 513 516 516 520 518 520 521 533 529 530 529 541 556 569 591 602 606 650 673 742 795 854 972 1058 1222 1363 1615 1917 2289 2696 3368 4045 4919 6027 7464 9403 11692 14480
516 521 521 526 522 523 531 531 545 541 550 559 584 601 632 670 709 737 772 903 969 1096 1213 1403 1721 1969 2446 2816 3493 4186 5258 6314 7972 10040 12370 15306 16383 16383 16383 16383 16383 16383 16383 16383 16383
510 514 512 510 512 510 511 513 517 518 520 517 514 514 517 514 516 521 528 537 528 525 548 558 546 577 602 607 638 673 714 745 824 889 1057 1152 1309 1472 1785 2086 2474 2943 3714 4571 5541
510 516 514 517 516 515 516 516 515 515 523 525 523 527 536 531 542 556 556 585 580 601 641 672 721 774 817 896 978 1087 1299 1465 1741 2051 2445 2873 3558 4463 5395 6781 8362 10181 12929 15971 16383
515 510 514 517 515 507 516 515 522 518 522 525 524 527 536 562 568 580 590 584 641 649 678 692 788 812 919 1074 1166 1342 1511 1790 2144 2630 3090 3855 4786 5683 7116 8719 10924 13490 16288 16278 16264
512 515 513 515 511 516 509 510 513 516 515 514 516 517 520 522 527 527 525 530 533 547 548 561 583 602 620 644 674 740 815 836 941 1044 1236 1365 1607 1935 2199 2666 3288 3959 4944 6025 7318
515 516 518 521 521 524 523 531 537 543 552 551 554 587 595 621 644 679 741 787 865 945 1075 1216 1341 1585 1845 2206 2644 3207 4015 4798 5974 7372 9107 11481 14378 16365 16365 16365 16366 16367 16366 16365 16366
517 509 512 509 512 513 517 511 514 511 515 512 513 518 520 516 514 525 523 525 524 526 530 534 550 563 575 581 604 640 647 732 742 820 890 963 1114 1267 1467 1652 2066 2467 2943 3478 4268
515 509 518 513 512 512 515 512 521 522 521 518 528 531 528 534 551 547 547 565 591 617 615 662 699 777 814 897 952 1107 1283 1469 1729 2067 2369 2871 3535 4187 5195 6474 8171 10232 12546 15884 16383
513 515 517 512 512 515 510 517 517 518 524 516 522 529 531 547 539 551 564 579 591 612 624 656 725 763 836 901 1061 1141 1315 1519 1777 2002 2444 3048 3697 4613 5565 6927 8449 10627 13077 16291 16283
510 513 515 513 513 512 515 514 527 519 515 526 524 524 538 546 547 546 565 576 601 611 622 674 735 759 887 941 1028 1158 1325 1603 1890 2170 2689 3091 3876 4857 5819 7174 8848 11180 14092 16383 16383
521 519 523 525 529 533 532 540 553 559 583 583 600 623 656 681 769 783 857 931 1113 1270 1467 1712 1954 2369 2864 3541 4258 5117 6339 7935 9689 12099 14971 16378 16376 16374 16367 16360 16361 16361 16361 16360 16361
519 516 511 518 516 528 521 520 533 532 545 546 540 571 560 586 611 630 678 716 775 793 922 983 1111 1226 1459 1696 2067 2391 2896 3541 4323 5339 6494 8013 10343 12739 15912 16383 16383 16383 16383 16383 16383
510 515 512 514 510 511 513 520 519 519 514 521 521 529 526 528 545 539 557 574 578 591 621 654 689 748 789 854 958 994 1235 1392 1587 1879 2216 2702 3265 4091 4768 6145 7503 9140 11511 14506 16383
510 511 514 512 512 512 514 514 515 513 511 511 513 510 514 514 512 515 519 519 518 518 520 532 530 534 541 548 548 555 566 579 597 641 649 715 745 829 897 979 1125 1262 1522 1775 2063
514 515 510 517 515 514 517 514 514 516 511 516 511 518 520 520 525 533 523 531 542 541 581 556 595 586 598 645 686 721 797 832 921 1074 1174 1344 1560 1828 2165 2577 3108 3742 4588 5741 7102
522 524 520 531 538 552 551 565 569 584 602 635 664 712 747 807 910 962 1082 1264 1439 1698 1982 2341 2816 3424 4157 5203 6266 7935 9981 12182 15276 16382 16383 16382 16382 16382 16382 16382 16383 16383 16383 16383 16383
509 515 514 514 513 513 516 516 517 520 517 518 521 525 532 537 539 544 557 570 585 598 614 650 685 729 763 828 916 1034 1137 1361 1544 1797 2283 2646 3084 3824 4622 5732 6976 8947 11033 13546 16383
512 512 511 512 512 514 516 517 513 515 520 516 517 524 526 520 532 535 535 540 556 570 595 615 633 648 694 741 789 870 961 1098 1270 1433 1664 2005 2348 2719 3393 4231 5163 6409 8100 9908 12187
511 515 516 513 515 515 513 518 517 519 521 525 531 527 536 540 544 556 555 572 596 590 615 659 695 742 781 873 1000 1098 1278 1505 1675 2075 2418 2970 3657 4392 5328 6744 8308 10220 12967 16299 16383
515 519 519 524 524 518 524 536 531 530 540 551 566 581 594 628 649 683 722 772 887 957 1034 1175 1380 1551 1851 2241 2656 3270 3970 4787 5968 7491 9238 11389 14306 16366 16365 16365 16367 16367 16367 16365 16366
511 518 512 511 515 515 516 516 518 519 517 519 528 527 529 525 537 536 547 564 582 570 602 624 661 709 747 793 886 1009 1091 1231 1521 1774 2016 2484 2849 3532 4285 5371 6598 8143 10230 12713 16035
515 514 510 512 516 512 517 514 515 517 515 514 515 521 528 517 531 533 535 541 547 553 556 568 594 615 652 695 704 772 869 915 1062 1184 1372 1607 1847 2216 2645 3189 3966 4762 5886 7300 9019
514 513 516 516 512 513 518 519 516 512 516 521 521 520 525 533 537 548 552 567 583 598 625 652 688 758 795 854 969 1101 1182 1412 1648 1902 2240 2714 3295 4158 4908 6144 7566 9370 11757 14863 16371
525 525 515 521 530 527 531 547 556 554 565 596 636 660 707 734 781 852 938 1060 1137 1326 1602 1809 2191 2602 3142 3910 4727 5873 7256 9008 11099 14007 16383 16383 16383 16383 16383 16382 16383 16383 16383 16383 16383
518 523 518 523 525 532 513 542 556 570 580 567 605 636 668 694 751 804 905 996 1129 1248 1472 1664 2017 2323 2768 3352 4115 5168 6428 7899 9966 12066 15385 16383 16383 16383 16383 16382 16382 16382 16382 16381 16382
511 511 508 513 512 510 510 511 514 512 517 511 512 514 511 518 515 516 517 522 524 529 531 542 534 547 552 577 585 601 621 665 686 713 756 817 899 1050 1153 1374 1598 1857 2197 2693 3223
511 515 515 518 513 516 514 516 517 530 531 530 535 538 547 550 560 573 585 618 649 673 711 760 836 926 1021 1189 1315 1495 1779 2140 2627 3195 3832 4644 5734 7151 8812 10907 13927 16383 16383 16383 16383
525 533 545 537 552 566 579 579 615 627 664 697 771 791 913 965 1157 1233 1419 1735 2040 2314 2866 3617 4247 5202 6470 8087 10042 12479 15568 16382 16383 16382 16382 16382 16381 16382 16382 16381 16382 16382 16382 16382 16382
517 515 512 512 510 515 516 520 522 518 523 524 531 532 535 544 549 564 567 570 598 612 646 675 758 786 873 958 1076 1216 1478 1711 1967 2317 2822 3452 4190 5287 6362 7947 10084 12219 15180 16383 16383
515 515 510 514 509 513 520 520 519 514 517 521 531 527 535 541 552 560 572 584 605 623 642 672 739 823 893 947 1067 1228 1410 1648 1912 2308 2825 3400 4063 5047 6151 7644 9764 12273 15402 16364 16365
514 512 511 513 516 516 513 512 513 517 514 518 521 521 525 528 530 538 537 544 566 580 585 592 637 659 712 770 820 931 965 1064 1250 1465 1789 2055 2393 2924 3535 4448 5287 6642 8238 10316 12737
517 513 514 511 508 512 512 513 515 521 519 524 516 531 528 525 529 544 550 560 597 596 622 651 672 706 786 825 946 1050 1136 1336 1586 1819 2167 2603 3239 3955 4669 5912 7216 8896 11074 14114 16382
